0,-0.247322,-0.676739,0.693438,0.177635,-0.735210,-0.654150,0.952511,-0.038607,0.302046
1,-0.369113,-0.606260,-0.704418,0.599687,-0.734408,0.317837,-0.710022,-0.305113,0.634645
2,0.318370,0.429412,0.845131,0.236317,-0.899325,0.367925,0.918039,0.082582,-0.387796
3,-0.474517,0.605468,0.638938,0.618507,-0.287136,0.731438,0.626324,0.742268,-0.238235
4,0.200125,-0.192929,0.960587,-0.463683,-0.882326,-0.080609,0.863104,-0.429276,-0.266034
5,0.105051,-0.283006,-0.953348,-0.023857,-0.959093,0.282083,-0.994181,-0.006889,-0.107505
6,-0.960156,0.276790,0.038563,-0.080984,-0.143506,-0.986330,-0.267473,-0.950154,0.160204
7,0.029535,-0.560597,-0.827562,0.315659,0.790786,-0.524420,0.948413,-0.245738,0.200314
8,0.590387,0.095693,0.801427,-0.178049,-0.953044,0.244960,0.787237,-0.287315,-0.545627
9,0.812039,-0.438252,-0.385394,-0.582224,-0.653727,-0.483380,-0.040100,0.616909,-0.786012
10,-0.097959,-0.993707,-0.054326,0.604450,-0.016043,-0.796482,0.790598,-0.110859,0.602217
11,0.468199,0.881925,-0.054762,-0.097088,0.112944,0.988847,0.878273,-0.457660,0.138505
12,0.016057,0.385604,-0.922525,0.146336,0.911803,0.383669,0.989105,-0.141159,-0.041787
13,0.170976,-0.919912,0.352886,-0.715201,-0.362223,-0.597730,0.677683,-0.150187,-0.719854
14,-0.494021,0.329901,0.804430,-0.825966,-0.467010,-0.315724,0.271519,-0.820406,0.503200
15,0.237524,-0.838976,-0.489592,0.070449,-0.487811,0.870102,-0.968824,-0.241162,-0.056761
16,0.364409,0.486117,-0.794290,0.923063,-0.301329,0.239071,-0.123126,-0.820300,-0.558523
17,-0.594656,-0.803285,-0.033437,0.453718,-0.300964,-0.838785,0.663720,-0.513960,0.543435
18,0.120218,-0.990962,-0.059522,-0.787407,-0.058666,-0.613635,0.604597,0.120638,-0.787343
19,0.775861,0.234496,0.585705,0.472029,0.400208,-0.785508,-0.418602,0.885915,0.199816
20,0.202608,0.778992,0.593398,0.777352,-0.496465,0.386325,0.595545,0.383007,-0.706139
21,-0.689268,0.030214,-0.723876,0.283599,-0.908153,-0.307946,-0.666694,-0.417548,0.617392
22,0.495153,-0.867776,0.042288,0.178575,0.054020,-0.982442,0.850255,0.494011,0.181711
23,-0.163336,0.816114,0.554327,0.787246,-0.230828,0.571806,0.594613,0.529789,-0.604780
24,0.955391,0.200982,0.216411,-0.264219,0.909047,0.322213,-0.131969,-0.365019,0.921599
25,0.483703,0.873061,-0.061617,0.683982,-0.420994,-0.595762,-0.546077,0.246027,-0.800794
26,-0.574149,0.336535,-0.746389,-0.322443,-0.930889,-0.171688,-0.752584,0.142093,0.642983
27,0.975543,-0.150251,-0.160441,-0.145783,-0.988534,0.039332,-0.164511,-0.014980,-0.986261
28,0.226185,-0.656534,-0.719586,-0.205680,-0.754265,0.623523,-0.952122,0.006973,-0.305639
29,-0.108293,-0.742279,0.661282,0.746683,0.378420,0.547049,-0.656306,0.553010,0.513267
30,-0.924876,0.131077,-0.356965,-0.036701,-0.965101,-0.259293,-0.378495,-0.226713,0.897409
31,-0.554814,-0.738476,0.383190,-0.706269,0.661491,0.252217,-0.439732,-0.130702,-0.888568
32,-0.040697,0.529787,-0.847154,0.154497,0.840996,0.518514,0.987155,-0.109780,-0.116077
33,0.431641,-0.478376,-0.764750,0.135826,0.872597,-0.469175,0.891761,0.098642,0.441624
34,0.320778,-0.766877,-0.555879,-0.831454,0.053094,-0.553051,0.453636,0.639594,-0.620592
35,0.132168,-0.143031,0.980854,0.035788,-0.988201,-0.148925,0.990581,0.054786,-0.125490
36,-0.401850,0.913122,0.068731,-0.915666,-0.399999,-0.039459,-0.008538,-0.078791,0.996855
37,0.117759,-0.213012,-0.969927,-0.108949,0.968056,-0.225828,0.987048,0.132266,0.090790
38,0.068033,-0.987591,-0.141546,0.548404,-0.081501,0.832232,-0.833441,-0.134244,0.536054
39,-0.612288,0.769216,0.182783,-0.080458,0.169364,-0.982264,-0.786530,-0.616134,-0.041810
40,0.127313,-0.631525,-0.764832,-0.012937,0.769984,-0.637932,0.991778,0.091111,0.089859
41,0.930339,-0.142987,0.337674,-0.232814,0.481131,0.845169,-0.283314,-0.864909,0.414326
42,0.558169,0.611836,0.560450,0.243044,0.525272,-0.815487,-0.793333,0.591393,0.144488
43,0.048986,0.406515,-0.912330,0.186422,0.893654,0.408203,0.981248,-0.190074,-0.032007
44,0.320690,-0.930995,-0.174376,0.517641,0.018088,0.855407,-0.793225,-0.364584,0.487722
45,-0.748921,0.491567,-0.444387,-0.463393,0.090880,0.881480,0.473692,0.866085,0.159727
46,0.829941,0.183930,0.526657,-0.021283,0.953834,-0.299579,-0.557445,0.237424,0.795541
47,0.401796,-0.862460,-0.307771,-0.169705,0.260141,-0.950540,0.899867,0.434153,-0.041840
48,-0.280539,-0.533644,0.797823,0.331014,-0.833999,-0.441446,0.900959,0.140248,0.410613
49,-0.006320,-0.589890,0.807459,-0.004833,-0.807448,-0.589919,0.999968,-0.007631,0.002252
50,0.274230,0.958131,-0.082359,0.636885,-0.245116,-0.730955,-0.720538,0.147997,-0.677438
51,-0.910762,-0.177636,0.372770,0.388471,-0.674669,0.627623,0.140008,0.716426,0.683470
52,0.500882,-0.698190,-0.511516,-0.838009,-0.539019,-0.084857,-0.216470,0.471158,-0.855074
53,-0.426734,-0.581978,0.692242,0.197327,-0.806910,-0.556739,0.882587,-0.100982,0.459176
54,0.725788,0.057565,0.685505,0.580887,-0.585098,-0.565889,0.368512,0.808917,-0.458096
55,-0.694597,-0.663437,0.278184,-0.663816,0.740114,0.107606,-0.277278,-0.109920,-0.954481
56,-0.543030,0.839210,0.029054,-0.175241,-0.147096,0.973475,0.821224,0.523535,0.226942
57,-0.785221,-0.359259,0.504343,0.198984,-0.917684,-0.343893,0.586374,-0.169676,0.792071
58,0.760421,-0.557734,-0.332705,-0.220380,0.260296,-0.940042,0.610895,0.788149,0.075021
59,0.534068,-0.569104,0.625214,0.568993,-0.305014,-0.763684,0.625315,0.763601,0.160918
60,-0.599356,-0.647527,0.470618,-0.060542,0.622903,0.779953,-0.798190,0.438977,-0.412543
61,-0.312055,0.223971,0.923287,-0.144568,0.949304,-0.279144,-0.939000,-0.220586,-0.263856
62,0.425700,0.172914,-0.888190,0.515775,0.760133,0.395189,0.743476,-0.626337,0.234404
63,-0.174453,-0.160268,0.971535,0.698161,-0.715904,0.007266,0.694361,0.679556,0.236784
64,-0.456284,-0.293724,0.839959,0.020469,0.940236,0.339909,-0.889599,0.172288,-0.423002
65,0.118881,0.873238,-0.472570,-0.041832,0.479927,0.876310,0.992027,-0.084408,0.093583
66,0.411441,0.121539,0.903296,-0.272515,0.962137,-0.005329,-0.869743,-0.243969,0.428984
67,0.335120,0.242537,0.910423,0.428438,0.821384,-0.376522,-0.839128,0.516240,0.171350
68,-0.584477,-0.001100,-0.811409,-0.063993,-0.996822,0.047447,-0.808883,0.079656,0.582549
69,-0.648677,-0.586330,0.485217,0.704480,-0.703826,0.091310,0.287970,0.401056,0.869613
70,0.185156,-0.523097,0.831918,-0.771013,-0.602215,-0.207063,0.609307,-0.603081,-0.514818
71,0.281937,-0.956526,-0.074627,0.357175,0.032450,0.933473,-0.890470,-0.289835,0.350796
72,0.651707,-0.748846,-0.120446,-0.750537,-0.613797,-0.244841,0.109419,0.249963,-0.962053
73,0.261051,-0.726523,0.635623,-0.031291,-0.664477,-0.746653,0.964818,0.175025,-0.196197
74,0.169086,0.978183,0.120698,-0.127598,0.143156,-0.981440,-0.977307,0.150547,0.149020
75,-0.153027,-0.986104,0.064669,-0.042959,-0.058740,-0.997349,0.987288,-0.155399,-0.033374
76,-0.357845,0.680811,-0.639096,0.221487,0.726770,0.650191,0.907133,0.091117,-0.410862
77,0.093270,0.995522,-0.015392,-0.377495,0.049664,0.924679,0.921302,-0.080434,0.380437
78,-0.837776,0.098888,-0.536984,-0.481321,0.330588,0.811814,0.257800,0.938580,-0.229362
79,-0.338626,-0.643265,-0.686689,-0.139138,-0.687549,0.712683,-0.930577,0.336878,0.143319
80,0.381344,0.459046,0.802405,-0.417315,-0.689036,0.592518,0.824879,-0.560809,-0.071194
81,-0.074636,0.312719,-0.946909,-0.094221,0.943098,0.318887,0.992750,0.113019,-0.040924
82,-0.293501,-0.874961,0.385097,-0.506229,-0.199464,-0.839015,0.810919,-0.441199,-0.384388
83,-0.158974,-0.857651,0.489041,-0.944629,-0.011890,-0.327926,0.287061,-0.514094,-0.808272
84,-0.411269,-0.869631,-0.273128,-0.436654,-0.075060,0.896493,-0.800119,0.487962,-0.348858
85,-0.721229,-0.548977,-0.422437,0.286384,0.318970,-0.903461,0.630724,-0.772582,-0.072832
86,0.505153,0.532998,-0.678774,-0.012517,0.790943,0.611762,0.862939,-0.300537,0.406218
87,-0.538878,-0.335794,-0.772563,0.361557,0.736146,-0.572159,0.760846,-0.587649,-0.275285
88,0.895695,-0.342261,-0.283880,0.108268,-0.451337,0.885761,-0.431286,-0.824107,-0.367204
89,0.024317,-0.941141,0.337138,0.061410,-0.335195,-0.940145,0.997816,0.043565,0.049645
90,0.909591,0.322172,0.262390,-0.309506,0.104029,0.945190,0.277217,-0.940948,0.194338
91,0.218038,-0.376061,0.900576,-0.606876,-0.774915,-0.176658,0.764304,-0.508020,-0.397184
92,-0.673643,-0.326655,0.662949,-0.731612,0.167746,-0.660761,0.104634,-0.930139,-0.351985
93,0.545558,-0.723571,0.422861,0.137932,0.575205,0.806297,-0.826645,-0.381555,0.413611
94,-0.355244,-0.634939,-0.686042,-0.923814,0.350524,0.153953,0.142723,0.688466,-0.711087
95,-0.684872,-0.713538,-0.147696,0.062714,-0.259664,0.963661,-0.725959,0.650722,0.222585
96,0.892878,-0.416891,-0.170208,0.161349,-0.056694,0.985268,-0.420399,-0.907187,0.016645
97,0.823488,-0.344790,0.450541,0.389961,-0.232798,-0.890918,0.412065,0.909354,-0.057252
98,-0.801406,0.478504,-0.358863,-0.526260,-0.278966,0.803261,0.284253,0.832593,0.475382
99,0.285552,0.477497,0.830937,0.706190,-0.690984,0.154391,0.647885,0.542713,-0.534516
100,-0.939622,0.182043,-0.289778,-0.145894,-0.979058,-0.141990,-0.309557,-0.091140,0.946503
101,0.794037,0.357709,-0.491477,0.368988,-0.926160,-0.077939,-0.483066,-0.119463,-0.867396
102,0.425643,0.209297,-0.880354,0.276709,-0.956386,-0.093586,-0.861545,-0.203767,-0.464993
103,0.852042,-0.343350,0.395139,-0.480817,-0.811778,0.331409,0.206976,-0.472364,-0.856758
104,-0.021716,-0.964406,0.263531,0.373944,0.236625,0.896757,-0.927197,0.118020,0.355496
105,0.220366,0.194384,0.955852,-0.974767,0.008102,0.223079,0.035618,-0.980892,0.191264
106,0.263031,0.190635,0.945766,-0.243110,0.961748,-0.126244,-0.933655,-0.196719,0.299315
107,-0.068249,-0.885652,0.459306,0.000397,0.460356,0.887735,-0.997668,0.060770,-0.031067
108,0.809792,0.113708,-0.575593,-0.140603,0.990064,-0.002225,0.569620,0.082731,0.817734
109,0.044673,-0.714339,-0.698372,-0.557989,-0.597702,0.575674,-0.828645,0.363967,-0.425294
110,-0.398389,0.072217,-0.914369,-0.199976,-0.979752,0.009748,-0.895151,0.186735,0.404764
111,0.282923,-0.831677,0.477773,-0.486468,-0.553727,-0.675822,0.826622,-0.041216,-0.561246
112,0.266905,0.890929,0.367433,0.471296,0.211896,-0.856143,-0.840620,0.401679,-0.363335
113,-0.174090,-0.829265,0.531047,0.561593,-0.526595,-0.638209,0.808892,0.187126,0.557385
114,0.977432,-0.007801,-0.211107,0.089116,0.921274,0.378566,0.191534,-0.388836,0.901178
115,-0.714097,-0.677171,-0.177496,0.605703,-0.724792,0.328329,-0.350983,0.126949,0.927737
116,0.007270,-0.980175,0.198002,-0.437757,0.174906,0.881916,-0.899064,-0.093088,-0.427807
117,0.019770,-0.996251,0.084220,-0.740686,0.041987,0.670539,-0.671561,-0.075636,-0.737079
118,0.698395,-0.597318,-0.394279,-0.175404,-0.676936,0.714836,-0.693886,-0.430079,-0.577541
119,-0.475926,0.032639,0.878879,-0.867776,0.145093,-0.475302,-0.143032,-0.988880,-0.040731
120,0.886510,-0.449247,-0.110797,-0.462613,-0.865404,-0.192521,-0.009395,0.221928,-0.975018
121,-0.002679,0.971399,-0.237439,0.009637,-0.237404,-0.971363,-0.999950,-0.004890,-0.008725
122,-0.690156,0.723351,0.021165,-0.165724,-0.129514,-0.977631,-0.704429,-0.678225,0.209261
123,-0.857387,-0.453875,0.242662,0.512946,-0.792156,0.330721,0.042120,0.408028,0.911997
124,-0.463002,-0.072053,0.883424,-0.244666,0.968356,-0.049249,-0.851920,-0.238946,-0.465980
125,0.129859,-0.985418,0.109943,-0.328588,-0.147386,-0.932903,0.935503,0.085020,-0.342936
126,0.316614,0.684048,-0.657141,0.273236,0.597647,0.753764,0.908349,-0.418207,0.002316
127,0.470166,-0.863836,0.180916,-0.150749,-0.280575,-0.947920,0.869608,0.418407,-0.262140
128,-0.768380,-0.573343,0.284376,0.410554,-0.782446,-0.468213,0.490955,-0.243014,0.836604
129,-0.593237,0.725773,-0.348314,0.602045,0.112744,-0.790462,-0.534426,-0.678632,-0.503832
130,0.089932,-0.200966,0.975461,0.066953,0.978434,0.195406,-0.993695,0.047736,0.101448
131,0.197519,0.478355,-0.855665,0.450042,0.731195,0.512657,0.870890,-0.486344,-0.070855
132,-0.848340,-0.488962,-0.203066,-0.491110,0.583428,0.646856,-0.197814,0.648482,-0.735079
133,-0.310125,-0.942539,0.124266,-0.075737,-0.105802,-0.991499,0.947674,-0.316901,-0.038573
134,0.456687,0.587468,0.668070,-0.598485,0.758499,-0.257867,-0.658219,-0.282065,0.697987
135,-0.107070,-0.919097,-0.379204,0.820736,0.133568,-0.555474,0.561184,-0.370701,0.740036
136,-0.717151,0.326702,-0.615597,0.456884,0.887412,-0.061299,0.526262,-0.325217,-0.785673
137,0.245256,0.968166,0.050044,0.318594,-0.129245,0.939039,0.915613,-0.214361,-0.340150
138,-0.109463,-0.210424,-0.971463,0.250797,0.939867,-0.231840,0.961831,-0.269018,-0.050107
139,-0.337314,-0.621614,-0.706976,0.770891,0.248645,-0.586432,0.540320,-0.742813,0.395326
140,-0.549017,0.182628,0.815615,0.723124,0.593139,0.353946,-0.419132,0.784113,-0.457706
141,0.408220,0.574069,-0.709790,0.911119,-0.304535,0.277707,-0.056733,-0.760068,-0.647362
142,-0.007011,-0.982427,-0.186516,-0.026727,-0.186270,0.982135,-0.999618,0.011870,-0.024951
143,-0.310135,-0.859419,-0.406466,0.416682,-0.507173,0.754421,-0.854513,0.064605,0.515397
144,0.425251,-0.573931,0.699832,0.242769,0.817227,0.522688,-0.871908,-0.052376,0.486860
145,0.765863,0.317585,-0.559101,0.321970,0.563248,0.760978,0.556588,-0.762818,0.329118
146,-0.281680,0.947874,-0.148969,-0.144639,-0.195428,-0.969994,-0.948544,-0.251681,0.192147
147,0.385579,-0.755658,0.529442,0.365862,-0.401559,-0.839581,0.847039,0.517427,0.121634
148,-0.349659,0.844871,0.404885,-0.892428,-0.168825,-0.418415,-0.285152,-0.507633,0.813017
149,-0.004958,0.969282,0.245902,-0.666126,0.180202,-0.723742,-0.745822,-0.167391,0.644771
150,-0.066034,-0.733906,0.676034,-0.335157,-0.621836,-0.707806,0.939845,-0.273317,-0.204912
151,-0.642068,-0.591447,-0.487790,-0.415469,-0.266294,0.869755,-0.644310,0.761103,-0.074749
152,-0.067243,0.007250,0.997710,-0.261946,-0.965024,-0.010642,0.962737,-0.262062,0.066790
153,-0.792079,-0.182073,0.582632,0.152253,0.865385,0.477419,-0.591126,0.466861,-0.657732
154,0.709078,0.624603,-0.327231,0.373389,-0.726266,-0.577164,-0.598154,0.287070,-0.748199
155,-0.348734,0.504400,0.789915,0.873444,-0.130686,0.469060,0.339824,0.853523,-0.394990
156,-0.713856,0.203656,0.670025,-0.362100,0.711605,-0.602082,-0.599411,-0.672416,-0.434239
157,0.246624,-0.494886,-0.833226,0.370273,0.842671,-0.390900,0.895586,-0.212116,0.391065
158,-0.797102,0.426011,-0.427952,-0.191895,-0.850683,-0.489402,-0.572542,-0.307982,0.759831
159,-0.202377,0.429774,0.879964,-0.041834,-0.901532,0.430686,0.978414,0.050349,0.200429
160,-0.025498,-0.362767,-0.931531,0.247676,-0.905074,0.345684,-0.968507,-0.221903,0.112926
161,-0.244217,0.467936,-0.849349,-0.028297,-0.878936,-0.476100,-0.969308,-0.092238,0.227892
162,-0.399744,0.523724,0.752275,0.608370,-0.462290,0.645116,0.685632,0.715543,-0.133820
163,-0.031926,-0.590942,0.806082,0.107749,0.799758,0.590573,-0.993665,0.105709,0.038140
164,-0.024246,-0.264544,0.964069,0.981890,-0.187549,-0.026770,0.187892,0.945961,0.264300
165,0.261915,-0.823279,-0.503599,-0.716405,-0.515496,0.470136,-0.646656,0.237645,-0.724818
166,0.190968,-0.166504,0.967372,0.117398,0.982309,0.145900,-0.974551,0.085705,0.207136
167,-0.608339,0.507578,-0.610154,0.440399,-0.423682,-0.791544,-0.660282,-0.750239,0.034205
168,0.286572,-0.949108,0.130656,0.927027,0.240271,-0.287907,0.241861,0.203628,0.948704
169,-0.942661,0.078236,0.324451,-0.289020,-0.677508,-0.676351,0.166903,-0.731343,0.661272
170,-0.634099,-0.718722,0.285234,-0.697749,0.690814,0.189534,-0.333265,-0.078839,-0.939531
171,-0.542260,-0.730073,0.415869,-0.046833,-0.467925,-0.882527,0.838904,-0.498036,0.219545
172,0.930022,-0.358091,-0.082642,-0.064734,-0.380981,0.922314,-0.361758,-0.852423,-0.377501
173,0.929553,-0.084690,0.358831,0.361961,0.024538,-0.931870,0.070115,0.996105,0.053464
174,0.358650,0.463142,0.810475,0.711693,0.426159,-0.558464,-0.604039,0.777102,-0.176773
175,-0.398003,-0.817365,0.416544,0.526462,-0.575348,-0.625950,0.751287,-0.029836,0.659301
176,0.203398,-0.324096,0.923900,-0.835948,0.433774,0.336199,-0.509725,-0.840715,-0.182699
177,0.210060,0.842166,-0.496619,0.967101,-0.104434,0.231966,0.143490,-0.529008,-0.836398
178,0.000054,-0.458936,0.888469,-0.000703,0.888469,0.458936,-1.000000,-0.000649,-0.000275
179,0.288562,0.678996,-0.675052,0.899619,-0.433618,-0.051594,-0.327747,-0.592402,-0.735964
180,-0.362634,-0.375132,-0.853096,0.803799,0.337333,-0.490014,0.471597,-0.863413,0.179203
181,0.050178,-0.427163,-0.902781,0.284127,-0.860465,0.422933,-0.957473,-0.277727,0.078192
182,-0.634890,-0.136136,-0.760514,0.240080,-0.970385,-0.026718,-0.734354,-0.199547,0.648772
183,0.080612,0.831624,-0.549458,-0.007691,-0.550717,-0.834657,-0.996716,0.071509,-0.037999
184,0.286884,-0.679582,-0.675179,-0.933150,-0.038861,-0.357381,0.216631,0.732570,-0.645300
185,0.011941,-0.949498,-0.313546,0.894545,-0.129974,0.427663,-0.446818,-0.285588,0.847817
186,-0.442006,0.115350,0.889564,-0.509168,-0.848714,-0.142942,0.738497,-0.516119,0.433870
187,-0.142445,0.469074,0.871596,0.673075,0.691545,-0.262174,-0.725727,0.549304,-0.414229
188,-0.148559,-0.849573,-0.506118,0.277309,0.455473,-0.845958,0.949226,-0.266025,0.167930
189,0.487263,-0.033423,0.872616,-0.501951,0.806971,0.311195,-0.714577,-0.589644,0.376430
190,0.802862,-0.261174,-0.535912,-0.074287,-0.935753,0.344743,-0.591519,-0.236970,-0.770682
191,-0.103759,-0.994603,-0.000003,-0.076726,0.008008,-0.997020,0.991639,-0.103449,-0.077143
192,-0.468292,0.122431,0.875050,-0.863880,-0.271371,-0.424346,0.185511,-0.954656,0.232846
193,-0.569154,-0.790516,0.226160,-0.431002,0.521075,0.736694,-0.700215,0.321817,-0.637286
194,-0.484811,-0.409614,0.772771,0.845235,0.007672,0.534339,-0.224801,0.912227,0.342501
195,-0.077094,0.968549,-0.236579,-0.755126,0.098219,0.648181,0.651031,0.228618,0.723804
196,-0.367069,0.595621,-0.714490,0.214082,-0.693395,-0.688020,-0.905223,-0.405510,0.127013
197,0.737418,0.592055,0.325092,0.643243,-0.468756,-0.605398,-0.206040,0.655545,-0.726505
198,0.103016,-0.993842,-0.040811,0.677250,0.040032,0.734663,-0.728506,-0.103321,0.677203
199,-0.637037,0.378627,-0.671436,0.429619,-0.548822,-0.717093,-0.640009,-0.745276,0.186954
200,0.264719,0.876902,0.401205,0.961574,-0.271443,-0.041172,0.072800,0.396688,-0.915062
201,0.826763,0.419287,0.375049,0.093376,-0.759728,0.643501,0.554747,-0.497002,-0.667267
202,0.086827,-0.572253,-0.815468,0.046785,0.819998,-0.570451,0.995124,0.011379,0.097971
203,-0.925296,0.214302,0.312894,-0.235496,0.322031,-0.916972,-0.297270,-0.922155,-0.247507
204,0.095252,-0.807748,0.581782,-0.063076,0.578367,0.813334,-0.993453,-0.114168,0.004141
205,-0.147413,-0.070682,-0.986546,0.232535,-0.971962,0.034891,-0.961352,-0.224263,0.159716
206,-0.009945,-0.128633,-0.991642,-0.516518,0.849808,-0.105055,0.856219,0.511156,-0.074892
207,0.456471,0.077298,-0.886374,0.413934,-0.900292,0.134659,-0.787587,-0.428369,-0.442953
208,-0.675754,-0.722807,0.144594,0.735932,-0.650386,0.188154,-0.041957,0.233557,0.971437
209,-0.833406,-0.028328,-0.551935,-0.131679,-0.959746,0.248091,-0.536745,0.279439,0.796127
210,0.610958,0.106270,-0.784498,-0.627949,0.668499,-0.398482,0.482090,0.736081,0.475157
211,-0.892341,-0.112485,-0.437120,-0.448292,0.333617,0.829297,0.052547,0.935974,-0.348126
212,0.191010,-0.981582,-0.003590,0.003705,-0.002936,0.999989,-0.981581,-0.191021,0.003076
213,-0.643192,-0.649727,-0.405166,0.622739,-0.135983,-0.770522,0.445533,-0.747906,0.492073
214,-0.070773,0.942951,0.325323,0.811604,-0.135170,0.568356,0.579905,0.304258,-0.755736
215,-0.884378,-0.221814,0.410699,0.211885,-0.974770,-0.070199,0.415908,0.024938,0.909065
216,0.286423,0.934482,0.211437,-0.954389,0.258866,0.148758,0.084278,-0.244401,0.966005
217,-0.137924,-0.872330,0.469059,-0.167534,-0.446214,-0.879105,0.976171,-0.199833,-0.084601
218,-0.970359,0.205375,0.127375,0.212729,0.975982,0.046958,-0.114672,0.072662,-0.990742
219,-0.507570,0.271330,0.817773,-0.456786,-0.889501,0.011614,0.730561,-0.367652,0.575424
220,0.926511,-0.103735,-0.361685,0.075494,0.992949,-0.091399,0.368616,0.057378,0.927809
221,0.326322,0.799067,0.504981,-0.002154,0.534853,-0.844943,-0.945256,0.274636,0.176256
222,-0.513299,0.561313,0.649193,0.281288,0.824702,-0.490656,-0.810803,-0.069243,-0.581209
223,-0.861963,0.488107,-0.137011,-0.505922,-0.810790,0.294385,0.032604,0.323066,0.945815
224,-0.267039,0.799675,0.537782,0.959397,0.168017,0.226556,0.090815,0.576446,-0.812073
225,-0.839305,0.162080,-0.518939,0.475087,-0.245403,-0.845027,-0.264311,-0.955776,0.128966
226,0.486694,-0.597612,-0.637173,0.468939,-0.436660,0.767740,-0.737038,-0.672449,0.067724
227,-0.531023,0.713984,-0.456335,-0.156793,-0.612033,-0.775134,-0.832725,-0.340064,0.436951
228,0.968829,0.008072,0.247599,0.247713,-0.019442,-0.968638,-0.003004,0.999778,-0.020836
229,0.860672,0.125410,0.493474,0.450729,-0.638467,-0.623862,0.236829,0.759363,-0.606036
230,0.558388,0.369046,0.742972,0.623083,0.404712,-0.669310,-0.547696,0.836668,-0.003960
231,0.023166,-0.958113,0.285451,0.670132,-0.197003,-0.715621,0.741881,0.207868,0.637498
232,-0.879618,0.194003,-0.434321,0.456425,0.087073,-0.885491,-0.133970,-0.977129,-0.165139
233,0.459297,-0.698046,0.549343,0.491876,-0.315101,-0.811646,0.739665,0.642995,0.198627
234,-0.965371,-0.094159,-0.243295,-0.224140,0.776564,0.588821,0.133491,0.622963,-0.770777
235,-0.237020,0.179152,0.954844,-0.486504,0.828846,-0.276276,-0.840913,-0.530018,-0.109295
236,-0.095771,0.185427,-0.977980,0.030939,0.982576,0.183268,0.994922,-0.012706,-0.099839
237,0.157748,-0.939944,0.302688,0.679147,0.325789,0.657739,-0.716851,0.101813,0.689753
238,0.871349,-0.016993,0.490369,0.206436,0.919338,-0.334964,-0.445123,0.393101,0.804573
239,0.356014,-0.669997,-0.651428,0.469395,-0.474563,0.744620,-0.808036,-0.570872,0.145542
240,-0.105711,0.110138,-0.988279,0.291351,0.953663,0.075116,0.950758,-0.279995,-0.132901
241,0.101796,-0.660736,0.743684,0.095094,-0.737681,-0.668419,0.990250,0.138762,-0.012261
242,-0.132191,0.332246,0.933884,0.987020,-0.042563,0.154855,0.091199,0.942232,-0.322307
243,0.201105,-0.197701,-0.959412,0.181692,-0.954898,0.234856,-0.962572,-0.221548,-0.156114
244,0.159284,0.722349,-0.672935,-0.760368,-0.344985,-0.550297,-0.629659,0.599331,0.494300
245,-0.060693,-0.992768,-0.103580,0.682901,-0.116984,0.721084,-0.727986,-0.026970,0.685062
246,0.236066,-0.938068,-0.253578,0.017828,0.265090,-0.964059,0.971573,0.223061,0.079302
247,-0.233553,0.889609,0.392490,-0.317440,0.311777,-0.895560,-0.919067,-0.333753,0.209581
248,-0.139073,0.988169,-0.064656,0.585778,0.134733,0.799194,0.798450,0.073272,-0.597586
249,0.910587,-0.412829,0.020059,-0.145602,-0.274980,0.950361,-0.386821,-0.868307,-0.310502
250,0.698969,-0.568818,0.433461,-0.062715,0.555022,0.829468,-0.712397,-0.606957,0.352270
251,0.087462,0.454379,-0.886504,-0.013795,0.890382,0.455006,0.996072,-0.027566,0.084143
252,-0.014133,0.450726,-0.892550,0.133641,0.885482,0.445041,0.990929,-0.112992,-0.072750
253,-0.024929,-0.520498,-0.853499,-0.007381,0.853837,-0.520488,0.999662,-0.006676,-0.025127
254,-0.033921,0.998404,0.045148,-0.118461,-0.048872,0.991755,0.992379,0.028293,0.119929
255,-0.734459,0.370185,-0.568800,-0.450751,-0.892649,0.001078,-0.507340,0.257179,0.822475
256,-0.058927,0.271373,0.960669,0.017939,-0.961898,0.272820,0.998101,0.033310,0.051814
257,0.211210,-0.386572,0.897748,-0.958397,0.098517,0.267900,-0.192006,-0.916982,-0.349682
258,0.142962,0.489495,-0.860207,0.989663,-0.080711,0.118549,-0.011399,-0.868263,-0.495974
259,0.238173,0.624498,0.743825,0.965645,-0.234232,-0.112544,0.103944,0.745076,-0.658831
260,0.996241,0.018764,-0.084567,0.085493,-0.370218,0.925002,-0.013952,-0.928755,-0.370431
261,0.017434,0.087798,0.995986,0.004293,0.996121,-0.087885,-0.999839,0.005808,0.016989
262,-0.154294,-0.069372,0.985587,0.869984,-0.482363,0.102244,0.468318,0.873220,0.134778
263,0.270436,-0.922743,-0.274608,-0.743420,-0.018918,-0.668557,0.611711,0.384951,-0.691102
264,-0.737880,0.674585,-0.021632,-0.132384,-0.113229,0.984710,0.661821,0.729461,0.172854
265,0.638105,0.719526,-0.274054,-0.494004,0.655615,0.571077,0.590578,-0.229023,0.773800
266,-0.117100,0.120117,0.985829,0.209950,-0.967229,0.142789,0.970674,0.223695,0.088044
267,0.560235,-0.738914,0.374357,-0.370523,0.180659,0.911085,-0.740844,-0.649129,-0.172573
268,0.009385,0.088438,0.996037,-0.961757,0.273482,-0.015221,-0.273744,-0.957803,0.087623
269,0.370240,-0.927789,0.046147,0.749045,0.268792,-0.605543,0.549412,0.258762,0.794474
270,-0.844357,-0.523673,0.113257,-0.231084,0.546660,0.804837,-0.483385,0.653398,-0.582589
271,0.135138,0.389250,-0.911165,0.059175,-0.921130,-0.384731,-0.989058,-0.001926,-0.147514
272,0.320649,-0.884180,0.339720,0.874532,0.138585,-0.464745,0.363838,0.446116,0.817681
273,-0.117488,0.982717,-0.143052,-0.259400,0.108679,0.959636,0.958597,0.149853,0.242148
274,-0.021697,0.963697,-0.266115,-0.630358,0.193416,0.751824,0.776001,0.184060,0.603278
275,-0.758619,0.135953,-0.637193,0.374012,-0.709927,-0.596757,-0.533491,-0.691029,0.487716
276,-0.103192,0.667896,-0.737066,-0.055679,-0.743738,-0.666148,-0.993102,-0.027702,0.113935
277,-0.470129,-0.176534,0.864763,0.270343,0.903895,0.331494,-0.840175,0.389627,-0.377223
278,-0.033336,-0.800995,0.597742,-0.016177,-0.597563,-0.801659,0.999313,-0.036394,0.006962
279,-0.097554,-0.682486,0.724359,0.141510,-0.729948,-0.668694,0.985118,0.037270,0.167788
280,-0.469427,0.794218,-0.385820,-0.078485,-0.472759,-0.877690,-0.879476,-0.381730,0.284260
281,0.546128,-0.752847,0.367377,0.834006,0.447495,-0.322772,0.078599,0.482669,0.872269
282,0.200275,-0.392566,0.897653,-0.300129,-0.896750,-0.325210,0.932637,-0.204281,-0.297417
283,-0.770229,-0.490557,-0.407554,0.561679,-0.219067,-0.797826,0.302097,-0.843423,0.444268
284,-0.725903,0.028920,-0.687189,-0.120104,-0.989095,0.085243,-0.677230,0.144412,0.721460
285,0.259451,0.886695,0.382698,-0.882795,0.378433,-0.278320,-0.391610,-0.265634,0.880954
286,-0.333382,0.819871,0.465476,0.507441,-0.260064,0.821505,0.794581,0.510077,-0.329336
287,0.909256,-0.292132,0.296501,-0.414957,-0.692008,0.590707,0.032617,-0.660139,-0.750435
288,0.034160,0.878192,0.477087,0.859793,-0.269182,0.433931,0.509498,0.395373,-0.764259
289,-0.087758,0.734261,0.673171,-0.302591,-0.663496,0.684260,0.949072,-0.143646,0.280408
290,-0.678094,0.428862,0.596880,0.264050,0.900040,-0.346707,-0.685905,-0.077493,-0.723553
291,0.359355,0.785750,0.503450,0.234349,-0.598183,0.766328,0.903297,-0.157400,-0.399099
292,0.808695,0.469867,0.353889,-0.556907,0.417879,0.717797,0.189386,-0.777562,0.599609
293,-0.667223,0.742979,0.052881,0.481412,0.375973,0.791762,0.568380,0.553739,-0.608537
294,0.256210,-0.653181,0.712538,0.440882,-0.577037,-0.687497,0.860221,0.490289,0.140133
295,0.178288,-0.947583,-0.265143,0.881339,0.033960,0.471262,-0.437556,-0.317701,0.841196
296,-0.155702,-0.811044,0.563884,0.151068,-0.583682,-0.797806,0.976184,-0.039035,0.213403
297,0.563406,-0.140741,0.814105,0.689681,-0.462413,-0.557238,0.454879,0.875423,-0.163460
298,-0.282852,-0.930591,0.232370,-0.124722,0.275891,0.953063,-0.951020,0.240594,-0.194101
299,0.923983,0.256591,0.283579,0.353142,-0.287848,-0.890187,-0.146787,0.922661,-0.356580
300,-0.024769,-0.806102,0.591257,-0.066251,-0.588815,-0.805548,0.997496,-0.059124,-0.038820
301,0.824744,0.275294,-0.493974,-0.288363,-0.546681,-0.786121,-0.486461,0.790792,-0.371487
302,0.220067,0.088697,0.971444,-0.434108,0.900717,0.016102,-0.873568,-0.425255,0.236722
303,0.122827,0.397996,-0.909127,0.135298,-0.914226,-0.381949,-0.983162,-0.076089,-0.166140
304,-0.370387,0.118754,0.921255,0.284537,-0.929611,0.234228,0.884224,0.348886,0.310525
305,-0.093738,-0.465511,-0.880064,0.054809,0.880203,-0.471422,0.994087,-0.092426,-0.056994
306,0.047555,-0.712939,0.699612,0.571933,-0.554791,-0.604235,0.818921,0.428865,0.381370
307,0.025844,-0.746907,-0.664426,0.016373,-0.664242,0.747338,-0.999532,-0.030192,-0.004938
308,0.901403,0.073639,0.426672,-0.374221,0.628163,0.682180,-0.217785,-0.774589,0.593786
309,-0.023223,-0.759189,-0.650456,0.220664,0.630692,-0.743999,0.975073,-0.160810,0.152879
310,0.557541,-0.603693,-0.569828,-0.197698,0.570110,-0.797427,0.806265,0.557252,0.198511
311,-0.878024,-0.079927,0.471896,-0.244966,0.922075,-0.299616,-0.411177,-0.378668,-0.829183
312,-0.125316,-0.316758,-0.940192,0.206734,-0.935197,0.287520,-0.970338,-0.158339,0.182680
313,-0.205925,-0.964108,-0.167602,0.700622,-0.264829,0.662567,-0.683172,0.019013,0.730010
314,0.040576,0.862774,-0.503958,0.146315,0.493806,0.857174,0.988406,-0.108518,-0.106200
315,-0.327885,0.493981,0.805279,0.169058,0.869323,-0.464432,-0.929468,-0.016142,-0.368549
316,0.592833,-0.805306,0.005563,-0.780077,-0.572517,0.252396,-0.200072,-0.153968,-0.967608
317,0.935930,0.310659,0.165910,0.183129,-0.831670,0.524203,0.300830,-0.460235,-0.835276
318,-0.228599,0.452084,0.862185,0.843776,0.533750,-0.056152,-0.485577,0.714654,-0.503473
319,-0.238686,0.508780,-0.827147,-0.968847,-0.066810,0.238480,0.066072,0.858300,0.508876
320,-0.230529,-0.972299,-0.038609,-0.719385,0.197014,-0.666086,0.655241,-0.125777,-0.744875
321,0.297389,0.935850,-0.189063,-0.274042,0.273358,0.922050,0.914582,-0.222396,0.337756
322,0.328137,-0.710997,0.621941,0.241847,0.699684,0.672274,-0.913146,-0.070183,0.401544
323,0.025214,-0.629349,0.776714,0.045590,-0.775428,-0.629788,0.998642,0.051290,0.009140
324,0.725223,0.319031,0.610140,-0.089499,-0.834969,0.542970,0.682672,-0.448381,-0.576986
325,0.567545,0.237159,0.788447,-0.818003,0.053541,0.572716,0.093611,-0.969994,0.224384
326,-0.943668,-0.201944,-0.262126,0.257708,0.048351,-0.965012,0.207553,-0.978203,0.006416
327,0.674081,0.300361,0.674832,0.737868,-0.316047,-0.596377,0.034150,0.899943,-0.434668
328,0.179541,-0.186736,-0.965865,-0.866909,-0.494129,-0.065614,-0.465009,0.849098,-0.250600
329,-0.449145,-0.832704,-0.323839,-0.622464,0.031622,0.782009,-0.640942,0.552814,-0.532531
330,0.787371,-0.487812,-0.376944,-0.130376,0.465854,-0.875204,0.602536,0.738255,0.303201
331,0.027311,-0.199177,0.979583,0.417705,0.892568,0.169839,-0.908172,0.404538,0.107574
332,0.858675,0.482232,0.173578,0.169686,0.052084,-0.984121,-0.483616,0.874494,-0.037105
333,0.187983,0.133632,0.973039,0.493422,0.843759,-0.211202,-0.849233,0.519821,0.092675
334,0.053636,0.869079,0.491757,0.010916,0.491926,-0.870568,-0.998501,0.052062,0.016899
335,-0.456701,-0.409309,-0.789868,0.580503,0.535683,-0.613237,0.674122,-0.738586,-0.007041
336,-0.235093,0.377305,-0.895752,0.041598,0.924643,0.378557,0.971082,0.051734,-0.233072
337,0.219496,0.380975,-0.898154,0.188250,-0.919842,-0.344169,-0.957279,-0.093534,-0.273620
338,0.463375,0.869892,-0.169030,0.591766,-0.161772,0.789710,0.659618,-0.465959,-0.589734
339,-0.583605,-0.411082,-0.700298,0.076641,-0.886430,0.456473,-0.808413,0.212728,0.548831
340,-0.016744,-0.604071,-0.796755,0.983776,-0.152307,0.094799,-0.178616,-0.782241,0.596821
341,0.422111,0.401514,-0.812778,0.899379,-0.072982,0.431034,0.113748,-0.912941,-0.391920
342,-0.200327,0.970877,0.131404,-0.438066,0.031206,-0.898401,-0.876337,-0.237537,0.419057
343,0.173243,0.145917,0.974010,0.707802,0.669232,-0.226152,-0.684838,0.728585,0.012660
344,-0.927923,0.161187,-0.336122,0.347647,0.048763,-0.936357,-0.134539,-0.985718,-0.101284
345,0.050875,0.018869,-0.998527,0.867957,-0.495414,0.034861,-0.494027,-0.868452,-0.041582
346,-0.527381,0.505650,0.682779,-0.138606,0.741651,-0.656310,-0.838247,-0.440763,-0.321046
347,-0.523762,-0.368228,0.768167,-0.182858,-0.832130,-0.523567,0.832007,-0.414690,0.368505
348,-0.178192,-0.158373,0.971167,-0.304822,0.947297,0.098550,-0.935591,-0.278473,-0.217077
349,-0.171406,0.129472,-0.976656,-0.065740,0.987615,0.142463,0.983005,0.088625,-0.160772
350,0.218124,0.291665,0.931318,-0.021309,-0.952646,0.303335,0.975688,-0.086010,-0.201580
351,-0.428069,0.076725,-0.900483,-0.725563,0.564867,0.393045,0.538809,0.821608,-0.186133
352,0.172542,0.263301,-0.949158,-0.937873,-0.250584,-0.240004,-0.301037,0.931601,0.203707
353,0.972065,-0.126307,0.197830,0.086215,0.976084,0.199566,-0.218306,-0.176936,0.959706
354,0.751974,-0.610445,0.248783,-0.347331,-0.687682,-0.637537,0.560265,0.393001,-0.729146
355,-0.434124,0.224207,0.872506,0.832209,-0.271011,0.483715,0.344911,0.936101,-0.068934
356,0.482214,0.873604,-0.065472,0.627085,-0.396394,-0.670549,-0.611747,0.282291,-0.738971
357,-0.955012,-0.135013,0.264054,-0.269535,0.766537,-0.582899,-0.123708,-0.627847,-0.768443
358,-0.436895,-0.863724,0.251203,-0.894739,0.388554,-0.220156,0.092548,-0.320946,-0.942565
359,0.313622,0.779719,-0.541922,0.146743,-0.603658,-0.783622,-0.938140,0.166238,-0.303739
360,0.303026,0.442827,-0.843848,0.587170,-0.784195,-0.200670,-0.750604,-0.434674,-0.497647
361,-0.135265,0.448460,-0.883508,-0.659700,0.624548,0.418014,0.739256,0.639393,0.211370
362,-0.519719,0.448325,-0.727253,0.714112,-0.239311,-0.657855,-0.468973,-0.861240,-0.195780
363,-0.450163,-0.097112,-0.887650,-0.745273,-0.506694,0.433392,-0.491855,0.856639,0.155720
364,-0.572079,-0.094414,-0.814746,-0.811491,-0.079206,0.578972,-0.119196,0.992377,-0.031304
365,-0.843969,-0.356346,-0.400916,0.372007,0.149612,-0.916093,0.386428,-0.922298,0.006295
366,0.553974,0.153856,-0.818194,0.595557,0.613490,0.518596,0.581743,-0.774570,0.248227
367,0.710547,-0.300576,0.636221,-0.703454,-0.282084,0.652366,-0.016617,-0.911089,-0.411875
368,-0.562347,-0.816849,0.128546,0.808362,-0.575789,-0.122548,0.174119,0.034997,0.984103
369,0.929065,0.355663,-0.101698,0.274966,-0.847886,-0.453303,-0.247451,0.393185,-0.885536
370,-0.908330,0.063667,-0.413380,-0.361436,0.377876,0.852393,0.210475,0.923664,-0.320225
371,0.252797,-0.812678,-0.525023,0.789729,-0.140174,0.597227,-0.558948,-0.565603,0.606359
372,-0.780924,-0.595098,0.189776,0.587030,-0.803043,-0.102560,0.213431,0.031313,0.976456
373,0.239554,0.944592,0.224409,0.533053,0.065222,-0.843564,-0.811461,0.321701,-0.487893
374,-0.541484,0.666923,-0.511867,0.798619,0.598282,-0.065313,0.262682,-0.444153,-0.856578
375,0.395682,0.691312,-0.604585,0.005395,-0.660050,-0.751202,-0.918372,0.293976,-0.264900
376,0.832278,0.509263,0.219009,0.475237,-0.452044,-0.754855,-0.285418,0.732330,-0.618247
377,0.802779,0.549950,0.230438,-0.479902,0.366536,0.797086,0.353893,-0.750471,0.558169
378,0.808350,-0.269628,0.523326,-0.307263,0.565027,0.765725,-0.502154,-0.779773,0.373892
379,-0.220643,-0.051010,0.974020,0.819033,-0.551953,0.156628,0.529624,0.832314,0.163563
380,-0.163155,0.881029,0.444036,0.907286,0.310787,-0.283275,-0.387574,0.356650,-0.850051
381,-0.661335,-0.729428,0.174845,0.748996,-0.629590,0.206449,-0.040509,0.267490,0.962709
382,0.099113,0.909829,0.402974,-0.205964,0.414956,-0.886223,-0.973527,0.004837,0.228520
383,-0.791112,0.174541,-0.586240,0.313516,-0.707247,-0.633648,-0.525214,-0.685082,0.504790
384,0.176712,-0.496002,-0.850150,-0.791773,-0.584737,0.176575,-0.584696,0.641923,-0.496051
385,0.090452,-0.597285,-0.796912,-0.111374,0.789106,-0.604076,0.989654,0.143395,0.004855
386,-0.500954,0.347266,0.792749,-0.458065,0.670777,-0.583296,-0.734317,-0.655335,-0.176958
387,-0.063184,0.813061,0.578739,-0.051084,0.576503,-0.815497,-0.996694,-0.081090,0.005109
388,0.031572,-0.449883,0.892529,0.408860,0.820657,0.399193,-0.912051,0.352316,0.209849
389,-0.669039,0.334057,0.663922,0.124589,0.931065,-0.342922,-0.732710,-0.146711,-0.664539
390,0.009115,0.991844,-0.127134,0.070029,-0.127460,-0.989368,-0.997503,0.000115,-0.070620
391,-0.287415,0.220633,0.932048,-0.273207,-0.951565,0.141004,0.918014,-0.214115,0.333773
392,0.916266,-0.061528,-0.395817,0.221310,0.901387,0.372188,0.333884,-0.428621,0.839527
393,-0.576961,-0.812841,0.080042,0.596824,-0.352660,0.720717,-0.557600,0.463596,0.688593
394,0.529963,-0.679813,-0.506945,-0.162137,0.505541,-0.847431,0.832376,0.531302,0.157695
395,-0.989254,-0.140291,0.041167,-0.083764,0.774606,0.626873,-0.119833,0.616688,-0.778033
396,0.520828,-0.797226,-0.305236,-0.273985,-0.494754,0.824713,-0.808499,-0.345903,-0.476109
397,-0.888936,-0.027205,0.457223,-0.398044,0.539768,-0.741763,-0.226614,-0.841374,-0.490648
398,-0.754844,0.386613,0.529850,0.405733,-0.359486,0.840328,0.515356,0.849294,0.114494
399,0.020734,-0.171550,0.984957,0.977933,0.208328,0.015698,-0.207887,0.962897,0.172084
400,-0.540425,0.538043,0.646877,-0.818726,-0.513522,-0.256870,0.193978,-0.668435,0.718030
401,0.006237,0.554226,-0.832343,0.098349,0.827983,0.552061,0.995132,-0.085303,-0.049343
402,-0.116201,0.557672,-0.821887,-0.950238,-0.303233,-0.071404,-0.289043,0.772691,0.565157
403,-0.019907,-0.497644,0.867153,0.021043,0.866924,0.497995,-0.999580,0.028161,-0.006786
404,0.897968,0.430582,0.090847,-0.174663,0.538215,-0.824511,-0.403915,0.724516,0.558506
405,0.011806,-0.983679,0.179545,0.126021,0.179589,0.975636,-0.991957,0.011108,0.126084
406,0.435383,0.509551,0.742158,0.704274,0.320716,-0.633356,-0.560749,0.798435,-0.219229
407,0.906933,0.419862,-0.034462,-0.134781,0.366693,0.920527,0.399132,-0.830212,0.389155
408,0.606083,0.764755,-0.218660,0.266145,-0.454044,-0.850300,-0.749553,0.457157,-0.478725
409,-0.865797,-0.165276,0.472313,0.280186,0.621924,0.731237,-0.414599,0.765438,-0.492151
410,-0.443895,-0.205381,0.872225,-0.701029,-0.526688,-0.480788,0.558135,-0.824875,0.089816
411,-0.765826,-0.111233,0.633354,-0.084833,-0.958842,-0.270973,0.637427,-0.261247,0.724870
412,-0.543604,0.481787,-0.687296,0.097754,0.849619,0.518258,0.833630,0.214541,-0.508953
413,0.043977,0.989657,0.136546,-0.208867,-0.124550,0.969980,0.976955,-0.071177,0.201229
414,0.254104,-0.967058,-0.015193,-0.075891,-0.004276,-0.997107,0.964195,0.254522,-0.074477
415,-0.502829,0.800041,-0.327258,0.173207,0.464180,0.868640,0.846854,0.380094,-0.371976
416,0.225606,-0.083868,0.970602,0.940909,0.277052,-0.194764,-0.252573,0.957188,0.141416
417,0.110878,0.873983,-0.473138,0.381265,0.402241,0.832370,0.917793,-0.272682,-0.288619
418,0.139885,-0.989845,-0.025279,0.052994,0.032978,-0.998050,0.988749,0.138272,0.057069
419,-0.329476,0.268992,0.905035,0.390024,0.911725,-0.128993,-0.859841,0.310485,-0.405305
420,0.183512,0.157581,-0.970305,-0.149126,-0.971181,-0.185927,-0.971640,0.178818,-0.154724
421,-0.439982,-0.497162,-0.747828,-0.112780,-0.795579,0.595261,-0.890897,0.346244,0.293970
422,-0.287579,-0.521512,0.803320,0.928236,-0.358403,0.099624,0.235958,0.774321,0.587155
423,-0.659420,-0.612588,0.435777,0.486712,0.093906,0.868501,-0.572955,0.784804,0.236230
424,-0.009959,-0.898436,-0.438993,-0.011963,-0.438876,0.898468,-0.999879,0.014199,-0.006377
425,0.110642,0.257433,-0.959941,-0.769743,0.633183,0.081084,0.628692,0.729937,0.268214
426,0.006435,0.836536,-0.547875,-0.132154,-0.542369,-0.829681,-0.991208,0.077743,0.107061
427,0.658360,0.736977,-0.153058,-0.080899,0.271448,0.959047,0.748343,-0.619016,0.238331
428,0.015098,-0.999682,-0.020190,-0.158495,0.017544,-0.987204,0.987244,0.018105,-0.158179
429,-0.608142,-0.190545,-0.770621,0.766447,-0.393704,-0.507500,-0.206695,-0.899272,0.385470
430,0.785437,0.571277,0.238181,0.079757,-0.475029,0.876348,0.613781,-0.669320,-0.418669
431,0.126568,0.551363,0.824608,0.138681,-0.832965,0.535665,0.982216,0.046559,-0.181890
432,-0.609083,-0.789208,0.078547,-0.570676,0.504884,0.647627,-0.550769,0.349633,-0.757898
433,-0.633912,0.421488,0.648463,-0.735146,-0.067929,-0.674497,-0.240242,-0.904286,0.352916
434,-0.592540,0.628901,0.503369,0.164693,0.706263,-0.688526,-0.788526,-0.325078,-0.522065
435,0.808646,-0.452173,-0.376340,0.366831,-0.112558,0.923453,-0.459921,-0.884799,0.074852
436,-0.200486,-0.699262,0.686177,-0.957848,0.286997,0.012608,-0.205747,-0.654726,-0.727325
437,-0.559807,-0.454056,-0.693144,0.827800,-0.269174,-0.492233,0.036925,-0.849340,0.526553
438,0.142910,-0.849314,-0.508176,-0.774133,-0.415835,0.477283,-0.616680,0.325188,-0.716909
439,0.210585,0.848365,0.485727,-0.766538,-0.165062,0.620624,0.606690,-0.503023,0.615544
440,0.069234,-0.364177,0.928753,0.093762,0.929241,0.357379,-0.993185,0.062339,0.098481
441,-0.954947,-0.162204,0.248529,0.234619,0.100220,0.966907,-0.181744,0.981655,-0.057648
442,-0.825113,0.108422,-0.554467,-0.346718,-0.872044,0.345436,-0.446067,0.477267,0.757127
443,-0.826303,-0.358067,0.434755,-0.563189,0.534183,-0.630450,-0.006495,-0.765792,-0.643056
444,-0.085954,-0.603969,0.792360,-0.615491,0.657579,0.434466,-0.783443,-0.450346,-0.428259
445,0.043764,0.904778,0.423628,-0.288306,0.417432,-0.861760,-0.956538,-0.084420,0.279122
446,-0.556009,0.119251,0.822577,0.828528,0.000586,0.559947,0.066292,0.992864,-0.099128
447,-0.284138,-0.958637,0.016732,0.326462,-0.113141,-0.938415,0.901492,-0.261177,0.345106
