1,-0.2473216950893402,-0.6767387390136719,0.6934382915496826,0.17763489484786987,-0.7352102994918823,-0.6541495323181152,0.9525113105773926,-0.03860653191804886,0.30204588174819946
2,-0.3691125214099884,-0.6062595844268799,-0.704418420791626,0.5996868014335632,-0.7344082593917847,0.31783685088157654,-0.7100223302841187,-0.3051128387451172,0.6346451640129089
3,0.31837010383605957,0.42941221594810486,0.8451305627822876,0.23631687462329865,-0.8993249535560608,0.3679252862930298,0.918038547039032,0.08258220553398132,-0.38779550790786743
4,-0.47451746463775635,0.6054675579071045,0.6389383673667908,0.618507444858551,-0.2871355712413788,0.7314381003379822,0.626323938369751,0.7422682642936707,-0.23823535442352295
5,0.20012500882148743,-0.19292932748794556,0.9605874419212341,-0.4636833071708679,-0.8823264241218567,-0.0806090235710144,0.8631035685539246,-0.4292764961719513,-0.26603370904922485
6,0.10505081713199615,-0.2830062210559845,-0.9533476829528809,-0.023857295513153076,-0.9590933322906494,0.2820829749107361,-0.9941806197166443,-0.006888748146593571,-0.10750529915094376
7,-0.960156261920929,0.2767903804779053,0.03856285288929939,-0.08098350465297699,-0.14350607991218567,-0.9863303899765015,-0.2674727439880371,-0.9501542448997498,0.1602037101984024
8,0.029535340145230293,-0.5605973601341248,-0.827561616897583,0.31565916538238525,0.7907864451408386,-0.5244197845458984,0.9484128355979919,-0.24573847651481628,0.20031383633613586
9,0.5903869271278381,0.09569332748651505,0.8014274835586548,-0.17804890871047974,-0.9530441761016846,0.24496003985404968,0.7872368693351746,-0.2873145043849945,-0.5456267595291138
10,0.8120388388633728,-0.43825170397758484,-0.38539379835128784,-0.5822241306304932,-0.6537270545959473,-0.4833797812461853,-0.0401003472507,0.6169087290763855,-0.7860124707221985
11,-0.09795855730772018,-0.9937066435813904,-0.05432572960853577,0.6044496297836304,-0.016042523086071014,-0.7964817881584167,0.7905977368354797,-0.11085937172174454,0.6022171378135681
12,0.4681987762451172,0.881924569606781,-0.05476239696145058,-0.09708825498819351,0.11294413357973099,0.9888465404510498,0.8782731890678406,-0.4576599597930908,0.13850481808185577
13,0.0160567294806242,0.38560375571250916,-0.9225247502326965,0.14633557200431824,0.9118025898933411,0.38366904854774475,0.989104688167572,-0.14115865528583527,-0.041786979883909225
14,0.17097611725330353,-0.9199121594429016,0.3528864085674286,-0.7152012586593628,-0.36222293972969055,-0.5977304577827454,0.6776831150054932,-0.150187149643898,-0.7198537588119507
15,-0.49402129650115967,0.3299012780189514,0.8044303059577942,-0.8259662389755249,-0.4670099914073944,-0.3157236874103546,0.27151936292648315,-0.8204064965248108,0.5032001733779907
16,0.2375241070985794,-0.8389764428138733,-0.48959246277809143,0.07044942677021027,-0.4878109395503998,0.8701019287109375,-0.9688236117362976,-0.24116168916225433,-0.056761451065540314
17,0.36440882086753845,0.48611676692962646,-0.7942900657653809,0.9230634570121765,-0.30132874846458435,0.23907072842121124,-0.12312613427639008,-0.8202996253967285,-0.5585234761238098
18,-0.5946560502052307,-0.8032845854759216,-0.03343665227293968,0.4537178575992584,-0.30096420645713806,-0.8387852311134338,0.6637200117111206,-0.513959527015686,0.543434739112854
19,0.12021812051534653,-0.9909615516662598,-0.05952157825231552,-0.7874071598052979,-0.05866631865501404,-0.613635241985321,0.6045970320701599,0.12063778936862946,-0.7873429656028748
20,0.7758612036705017,0.2344963103532791,0.5857054591178894,0.47202906012535095,0.4002075791358948,-0.7855077981948853,-0.41860243678092957,0.8859149813652039,0.19981645047664642
21,0.20260800421237946,0.7789918780326843,0.59339839220047,0.7773519158363342,-0.4964648485183716,0.38632452487945557,0.5955451130867004,0.3830069303512573,-0.706138551235199
22,-0.6892684102058411,0.030214186757802963,-0.7238758206367493,0.28359857201576233,-0.9081525802612305,-0.30794596672058105,-0.6666940450668335,-0.4175475537776947,0.6173921823501587
23,0.49515318870544434,-0.8677759170532227,0.04228753596544266,0.17857515811920166,0.054019708186388016,-0.9824422597885132,0.8502553701400757,0.49401092529296875,0.18171125650405884
24,-0.1633361428976059,0.8161143660545349,0.5543272495269775,0.7872461676597595,-0.23082776367664337,0.5718058943748474,0.5946131348609924,0.5297885537147522,-0.604780375957489
25,0.9553912878036499,0.2009822279214859,0.2164108157157898,-0.2642192244529724,0.9090473055839539,0.3222130537033081,-0.13196855783462524,-0.36501944065093994,0.9215992093086243
26,0.4837029278278351,0.8730605840682983,-0.06161724030971527,0.6839823722839355,-0.42099422216415405,-0.5957616567611694,-0.5460765361785889,0.24602653086185455,-0.800794243812561
27,-0.5741494297981262,0.33653518557548523,-0.7463889718055725,-0.32244330644607544,-0.9308885335922241,-0.17168812453746796,-0.7525840401649475,0.1420934945344925,0.6429826617240906
28,0.9755426645278931,-0.150250643491745,-0.1604408472776413,-0.14578300714492798,-0.9885344505310059,0.03933154046535492,-0.16451090574264526,-0.014980045147240162,-0.9862614870071411
29,0.22618480026721954,-0.6565335988998413,-0.7195860147476196,-0.20568013191223145,-0.7542645335197449,0.6235228180885315,-0.952121913433075,0.006973169278353453,-0.3056390881538391
30,-0.10829321295022964,-0.742279052734375,0.6612823605537415,0.7466827034950256,0.37842029333114624,0.5470494031906128,-0.6563059687614441,0.5530098080635071,0.5132665634155273
31,-0.9248755574226379,0.13107669353485107,-0.3569650650024414,-0.03670066222548485,-0.9651010036468506,-0.25929343700408936,-0.3784946799278259,-0.22671332955360413,0.8974089622497559
32,-0.5548143982887268,-0.7384759187698364,0.38318970799446106,-0.7062693238258362,0.6614910364151001,0.2522166669368744,-0.43973249197006226,-0.1307017058134079,-0.8885676264762878
33,-0.040697239339351654,0.5297870635986328,-0.8471536636352539,0.15449681878089905,0.8409957885742188,0.518514096736908,0.9871547222137451,-0.1097804605960846,-0.11607662588357925
34,0.43164077401161194,-0.4783764183521271,-0.7647497653961182,0.13582593202590942,0.8725970983505249,-0.4691754877567291,0.8917609453201294,0.09864241629838943,0.44162440299987793
35,0.320777952671051,-0.7668771147727966,-0.5558786392211914,-0.8314542174339294,0.053094252943992615,-0.5530505180358887,0.45363572239875793,0.6395940184593201,-0.6205917596817017
36,0.13216814398765564,-0.1430308073759079,0.9808536171913147,0.03578765690326691,-0.9882007837295532,-0.14892451465129852,0.9905810356140137,0.05478552728891373,-0.12548992037773132
37,-0.40185001492500305,0.9131224155426025,0.06873118132352829,-0.9156656861305237,-0.39999920129776,-0.039458565413951874,-0.008538082242012024,-0.07879120856523514,0.9968546032905579
38,0.11775878071784973,-0.21301183104515076,-0.9699272513389587,-0.10894887894392014,0.9680556654930115,-0.22582827508449554,0.9870476126670837,0.13226574659347534,0.09078965336084366
39,0.06803278625011444,-0.9875910878181458,-0.1415463536977768,0.5484042167663574,-0.0815012976527214,0.8322321772575378,-0.8334412574768066,-0.1342436820268631,0.5360543727874756
40,-0.612287700176239,0.7692164778709412,0.18278327584266663,-0.0804581344127655,0.16936437785625458,-0.9822638034820557,-0.7865304946899414,-0.6161344647407532,-0.04181000590324402
41,0.1273127645254135,-0.6315250992774963,-0.7648317217826843,-0.012936591170728207,0.7699836492538452,-0.6379324793815613,0.9917782545089722,0.09111126512289047,0.08985896408557892
42,0.9303391575813293,-0.1429869532585144,0.3376741409301758,-0.2328142523765564,0.48113107681274414,0.8451688885688782,-0.2833136320114136,-0.8649089932441711,0.41432568430900574
43,0.5581687092781067,0.6118359565734863,0.5604502558708191,0.24304351210594177,0.5252724289894104,-0.8154868483543396,-0.7933331727981567,0.591392993927002,0.14448785781860352
44,0.04898571968078613,0.4065150320529938,-0.912329912185669,0.18642200529575348,0.8936538696289062,0.4082029163837433,0.9812477827072144,-0.19007448852062225,-0.03200707212090492
45,0.320689857006073,-0.9309947490692139,-0.174375519156456,0.5176408886909485,0.018088389188051224,0.8554067611694336,-0.7932249903678894,-0.36458417773246765,0.487721711397171
46,-0.7489208579063416,0.49156665802001953,-0.44438689947128296,-0.46339303255081177,0.0908801257610321,0.8814803957939148,0.4736923277378082,0.8660848736763,0.15972653031349182
47,0.8299412727355957,0.18393030762672424,0.5266565680503845,-0.02128303423523903,0.953834056854248,-0.2995791435241699,-0.5574446320533752,0.23742422461509705,0.7955408096313477
48,0.4017956852912903,-0.8624600768089294,-0.307770699262619,-0.1697050780057907,0.2601414918899536,-0.9505401849746704,0.8998668789863586,0.4341531991958618,-0.04184012487530708
49,-0.2805391550064087,-0.5336441397666931,0.7978231310844421,0.3310144543647766,-0.8339990377426147,-0.4414464831352234,0.9009590744972229,0.14024795591831207,0.4106132984161377
50,-0.006319678388535976,-0.5898898839950562,0.8074589371681213,-0.004833065439015627,-0.807447612285614,-0.5899194478988647,0.9999683499336243,-0.007630602922290564,0.002251832978799939
51,0.27422964572906494,0.9581310749053955,-0.0823586955666542,0.6368851661682129,-0.24511605501174927,-0.7309551239013672,-0.7205382585525513,0.14799652993679047,-0.6774375438690186
52,-0.9107621908187866,-0.17763632535934448,0.3727701008319855,0.3884713649749756,-0.6746694445610046,0.6276233792304993,0.140007883310318,0.7164261937141418,0.6834700703620911
53,0.5008816123008728,-0.6981898546218872,-0.5115159153938293,-0.8380085229873657,-0.5390185713768005,-0.08485709875822067,-0.21647021174430847,0.47115805745124817,-0.8550735116004944
54,-0.4267343580722809,-0.5819784998893738,0.692241907119751,0.19732666015625,-0.80690997838974,-0.5567391514778137,0.8825870752334595,-0.1009819507598877,0.45917609333992004
55,0.7257883548736572,0.05756509676575661,0.6855052709579468,0.5808871984481812,-0.5850979089736938,-0.5658891201019287,0.36851224303245544,0.8089169859886169,-0.45809608697891235
56,-0.6945968866348267,-0.6634371280670166,0.27818402647972107,-0.6638163328170776,0.7401140332221985,0.10760632902383804,-0.2772779166698456,-0.10992007702589035,-0.954481303691864
57,-0.5430302619934082,0.8392103314399719,0.02905444987118244,-0.17524072527885437,-0.14709636569023132,0.9734748601913452,0.8212239742279053,0.5235347747802734,0.22694160044193268
58,-0.7852205634117126,-0.35925909876823425,0.5043427348136902,0.19898390769958496,-0.9176835417747498,-0.3438929617404938,0.5863736867904663,-0.16967572271823883,0.792070746421814
59,0.7604209780693054,-0.5577338933944702,-0.33270540833473206,-0.22037963569164276,0.2602957785129547,-0.9400419592857361,0.6108950972557068,0.7881491184234619,0.0750211700797081
60,0.5340675711631775,-0.5691041350364685,0.6252138018608093,0.5689932107925415,-0.3050142228603363,-0.7636838555335999,0.6253147721290588,0.7636011838912964,0.16091817617416382
61,-0.599355936050415,-0.6475268602371216,0.4706180691719055,-0.06054228916764259,0.6229028701782227,0.7799530029296875,-0.7981898784637451,0.4389771819114685,-0.41254329681396484
62,-0.3120546340942383,0.22397133708000183,0.9232869148254395,-0.1445682942867279,0.9493042230606079,-0.27914413809776306,-0.9390004873275757,-0.22058624029159546,-0.26385563611984253
63,0.42569953203201294,0.17291359603405,-0.8881896138191223,0.5157747268676758,0.7601331472396851,0.3951885998249054,0.7434758543968201,-0.6263373494148254,0.23440386354923248
64,-0.1744525134563446,-0.160268172621727,0.9715350866317749,0.6981611251831055,-0.7159037590026855,0.007266210857778788,0.6943610906600952,0.6795556545257568,0.2367842197418213
65,-0.4562839865684509,-0.2937244474887848,0.8399588465690613,0.02046859636902809,0.9402355551719666,0.33990907669067383,-0.8895987868309021,0.17228785157203674,-0.4230022728443146
66,0.11888115853071213,0.873238205909729,-0.47256988286972046,-0.041831787675619125,0.47992733120918274,0.8763103485107422,0.9920269250869751,-0.08440835028886795,0.09358343482017517
67,0.411440908908844,0.12153935432434082,0.9032964706420898,-0.27251458168029785,0.9621369242668152,-0.00532920565456152,-0.8697425723075867,-0.24396879971027374,0.4289837181568146
68,0.3351201117038727,0.24253664910793304,0.910423219203949,0.428438276052475,0.8213842511177063,-0.37652164697647095,-0.8391276001930237,0.5162401795387268,0.1713503897190094
69,-0.5844770669937134,-0.0010996441124007106,-0.8114094734191895,-0.0639934167265892,-0.9968217611312866,0.04744686186313629,-0.8088828325271606,0.07965646684169769,0.5825490951538086
70,-0.6486768126487732,-0.5863302946090698,0.48521655797958374,0.7044796347618103,-0.7038258910179138,0.09131012111902237,0.28797009587287903,0.4010559618473053,0.8696133494377136
71,0.18515612185001373,-0.5230966210365295,0.8319177031517029,-0.7710133790969849,-0.6022154688835144,-0.20706261694431305,0.6093074679374695,-0.6030807495117188,-0.5148183703422546
72,0.2819368243217468,-0.9565262794494629,-0.07462655752897263,0.35717546939849854,0.032449714839458466,0.9334734678268433,-0.8904702663421631,-0.2898353040218353,0.35079649090766907
73,0.6517067551612854,-0.7488464713096619,-0.12044598907232285,-0.7505370378494263,-0.6137973666191101,-0.24484053254127502,0.10941854119300842,0.2499634176492691,-0.9620529413223267
74,0.26105132699012756,-0.7265233397483826,0.6356225609779358,-0.03129133582115173,-0.6644772291183472,-0.746653139591217,0.9648176431655884,0.1750253140926361,-0.1961965411901474
75,0.16908563673496246,0.9781830310821533,0.1206979975104332,-0.12759831547737122,0.14315614104270935,-0.9814402461051941,-0.9773068428039551,0.150546595454216,0.14902016520500183
76,-0.15302671492099762,-0.9861038327217102,0.06466887146234512,-0.04295932501554489,-0.058739736676216125,-0.9973485469818115,0.9872878789901733,-0.15539909899234772,-0.03337360545992851
77,-0.3578454256057739,0.6808107495307922,-0.6390957832336426,0.22148706018924713,0.7267699241638184,0.6501914858818054,0.9071329236030579,0.09111659973859787,-0.4108620584011078
78,0.09326963126659393,0.9955219030380249,-0.015391802415251732,-0.37749534845352173,0.0496637225151062,0.9246787428855896,0.9213023781776428,-0.08043411374092102,0.3804370164871216
79,-0.8377763628959656,0.09888844192028046,-0.5369840264320374,-0.48132118582725525,0.33058837056159973,0.8118135333061218,0.2577996551990509,0.9385799765586853,-0.22936202585697174
80,-0.3386262059211731,-0.6432650685310364,-0.6866893768310547,-0.13913798332214355,-0.687548816204071,0.7126830816268921,-0.9305766820907593,0.3368777632713318,0.14331945776939392
81,0.38134440779685974,0.45904555916786194,0.8024048805236816,-0.4173146188259125,-0.6890360713005066,0.5925182104110718,0.8248787522315979,-0.5608087778091431,-0.07119361311197281
82,-0.07463589310646057,0.3127187490463257,-0.9469088912010193,-0.09422080218791962,0.9430979490280151,0.3188866972923279,0.9927496910095215,0.11301890760660172,-0.040924347937107086
83,-0.29350122809410095,-0.8749614357948303,0.38509678840637207,-0.5062294006347656,-0.1994636505842209,-0.8390148878097534,0.8109185099601746,-0.44119924306869507,-0.38438838720321655
84,-0.15897446870803833,-0.8576513528823853,0.48904120922088623,-0.9446286559104919,-0.011889860033988953,-0.32792574167251587,0.28706058859825134,-0.5140941739082336,-0.8082718849182129
85,-0.4112691283226013,-0.8696314096450806,-0.27312809228897095,-0.4366542398929596,-0.0750604197382927,0.896492600440979,-0.8001192212104797,0.4879622459411621,-0.34885820746421814
86,-0.7212290167808533,-0.5489768385887146,-0.4224371910095215,0.2863841950893402,0.31896984577178955,-0.9034612774848938,0.6307240128517151,-0.7725818157196045,-0.07283203303813934
87,0.5051525831222534,0.5329983234405518,-0.6787736415863037,-0.01251716073602438,0.7909426689147949,0.6117622256278992,0.8629392981529236,-0.3005369305610657,0.40621837973594666
88,-0.5388782024383545,-0.3357936441898346,-0.772562563419342,0.36155667901039124,0.7361463308334351,-0.5721585154533386,0.7608463168144226,-0.587648868560791,-0.2752847671508789
89,0.8956953287124634,-0.34226053953170776,-0.2838795483112335,0.10826762765645981,-0.45133668184280396,0.8857614398002625,-0.43128642439842224,-0.8241073489189148,-0.3672044277191162
90,0.02431715466082096,-0.9411410093307495,0.33713841438293457,0.06141031160950661,-0.33519500494003296,-0.9401452541351318,0.9978163242340088,0.04356543347239494,0.049644771963357925
91,0.9095914959907532,0.3221715986728668,0.26239049434661865,-0.30950605869293213,0.10402905941009521,0.945189893245697,0.2772171199321747,-0.9409481287002563,0.19433800876140594
92,0.218037948012352,-0.3760613203048706,0.900576114654541,-0.6068761348724365,-0.7749151587486267,-0.1766575574874878,0.7643041610717773,-0.5080201029777527,-0.39718353748321533
93,-0.6736430525779724,-0.326654851436615,0.6629492044448853,-0.7316124439239502,0.16774550080299377,-0.6607607007026672,0.10463392734527588,-0.9301387071609497,-0.3519853353500366
94,0.5455576777458191,-0.7235711216926575,0.42286133766174316,0.13793207705020905,0.5752047896385193,0.8062965869903564,-0.826644778251648,-0.38155514001846313,0.4136110246181488
95,-0.3552444875240326,-0.634939432144165,-0.6860417127609253,-0.9238136410713196,0.3505235016345978,0.1539534479379654,0.14272263646125793,0.6884658336639404,-0.7110872268676758
96,-0.6848722100257874,-0.7135376334190369,-0.1476961076259613,0.0627136379480362,-0.25966358184814453,0.9636606574058533,-0.7259594202041626,0.6507217884063721,0.22258491814136505
97,0.892877995967865,-0.41689109802246094,-0.17020779848098755,0.16134920716285706,-0.05669364333152771,0.9852676391601562,-0.4203989803791046,-0.9071866869926453,0.016644541174173355
98,0.823488175868988,-0.34479042887687683,0.45054054260253906,0.3899609446525574,-0.23279821872711182,-0.8909183144569397,0.41206514835357666,0.9093539118766785,-0.057251784950494766
99,-0.8014055490493774,0.47850415110588074,-0.35886335372924805,-0.52625972032547,-0.2789660394191742,0.8032612800598145,0.28425318002700806,0.8325933814048767,0.47538238763809204
100,0.28555208444595337,0.4774974286556244,0.8309369683265686,0.7061904072761536,-0.6909838318824768,0.1543905884027481,0.6478850841522217,0.5427131652832031,-0.5345159769058228
101,-0.9396218657493591,0.1820429116487503,-0.28977763652801514,-0.14589370787143707,-0.9790576100349426,-0.14199019968509674,-0.3095572888851166,-0.09114036709070206,0.9465028643608093
102,0.7940371036529541,0.35770872235298157,-0.4914768934249878,0.3689883351325989,-0.9261603951454163,-0.0779389813542366,-0.4830659031867981,-0.11946280300617218,-0.8673961162567139
103,0.4256432056427002,0.20929670333862305,-0.8803537487983704,0.27670907974243164,-0.9563857316970825,-0.09358629584312439,-0.8615450859069824,-0.20376749336719513,-0.464993417263031
104,0.8520423173904419,-0.34335005283355713,0.395138680934906,-0.48081696033477783,-0.8117777705192566,0.33140888810157776,0.2069755643606186,-0.47236379981040955,-0.8567575812339783
105,-0.021715998649597168,-0.964406430721283,0.2635310888290405,0.3739444613456726,0.23662525415420532,0.8967574834823608,-0.9271968603134155,0.11801997572183609,0.3554958701133728
106,0.22036585211753845,0.19438353180885315,0.9558524489402771,-0.974766731262207,0.008102301508188248,0.22307872772216797,0.03561822324991226,-0.9808921217918396,0.1912640780210495
107,0.2630313038825989,0.1906353086233139,0.9457656741142273,-0.24311020970344543,0.9617483019828796,-0.12624435126781464,-0.9336551427841187,-0.19671908020973206,0.29931530356407166
108,-0.0682494044303894,-0.8856521248817444,0.4593063294887543,0.0003974728751927614,0.46035560965538025,0.8877345323562622,-0.9976682066917419,0.06076991185545921,-0.031066974624991417
109,0.8097922801971436,0.11370811611413956,-0.5755926370620728,-0.14060252904891968,0.9900636076927185,-0.002224785042926669,0.5696203708648682,0.08273139595985413,0.8177335262298584
110,0.044672705233097076,-0.7143391370773315,-0.6983723640441895,-0.5579890012741089,-0.5977018475532532,0.5756741762161255,-0.8286450505256653,0.3639671802520752,-0.42529433965682983
111,-0.3983887732028961,0.07221661508083344,-0.9143692851066589,-0.19997580349445343,-0.9797523617744446,0.009748493321239948,-0.8951514363288879,0.18673542141914368,0.4047639071941376
112,0.28292301297187805,-0.8316774964332581,0.47777310013771057,-0.48646774888038635,-0.5537272691726685,-0.6758219003677368,0.8266218304634094,-0.04121563211083412,-0.5612464547157288
113,0.26690539717674255,0.8909288644790649,0.3674333393573761,0.47129589319229126,0.21189568936824799,-0.8561427593231201,-0.8406198024749756,0.4016789495944977,-0.3633350133895874
114,-0.17409023642539978,-0.8292654752731323,0.5310474038124084,0.5615929365158081,-0.5265951156616211,-0.6382091641426086,0.8088918328285217,0.18712648749351501,0.557384729385376
115,0.9774317741394043,-0.007801054045557976,-0.2111072540283203,0.08911619335412979,0.9212740659713745,0.37856629490852356,0.19153441488742828,-0.3888357877731323,0.901177704334259
116,-0.7140974998474121,-0.6771705150604248,-0.1774960160255432,0.6057028770446777,-0.7247924208641052,0.3283291161060333,-0.35098254680633545,0.12694916129112244,0.9277365803718567
117,0.007269793190062046,-0.980174720287323,0.1980017125606537,-0.4377569854259491,0.17490613460540771,0.8819164633750916,-0.8990639448165894,-0.09308797866106033,-0.4278067946434021
118,0.019769564270973206,-0.996251106262207,0.0842195451259613,-0.7406855225563049,0.04198683425784111,0.6705386638641357,-0.6715609431266785,-0.07563645392656326,-0.7370786666870117
119,0.6983945965766907,-0.597318172454834,-0.3942790627479553,-0.17540425062179565,-0.6769362092018127,0.7148361206054688,-0.693886399269104,-0.43007948994636536,-0.5775407552719116
120,-0.47592636942863464,0.03263859078288078,0.8788793087005615,-0.8677763938903809,0.14509296417236328,-0.47530221939086914,-0.14303240180015564,-0.9888795614242554,-0.04073057323694229
121,0.8865104913711548,-0.4492473304271698,-0.11079677939414978,-0.462613046169281,-0.865404486656189,-0.1925206184387207,-0.009394658729434013,0.22192759811878204,-0.9750179052352905
122,-0.0026786653324961662,0.971398651599884,-0.23743946850299835,0.0096366498619318,-0.2374042123556137,-0.9713631272315979,-0.9999499917030334,-0.004890077747404575,-0.008725102059543133
123,-0.6901559829711914,0.7233510613441467,0.021164635196328163,-0.16572371125221252,-0.1295139044523239,-0.9776307344436646,-0.7044290900230408,-0.6782251596450806,0.2092612236738205
124,-0.8573870062828064,-0.453875333070755,0.24266181886196136,0.5129458904266357,-0.7921555638313293,0.33072057366371155,0.04212000221014023,0.40802788734436035,0.9119973182678223
125,-0.46300187706947327,-0.07205316424369812,0.8834238052368164,-0.24466614425182343,0.9683558344841003,-0.04924904555082321,-0.8519200086593628,-0.23894628882408142,-0.46597951650619507
126,0.12985920906066895,-0.9854182004928589,0.10994315892457962,-0.32858768105506897,-0.14738556742668152,-0.9329028129577637,0.9355034828186035,0.08502005785703659,-0.3429356515407562
127,0.3166137635707855,0.6840476393699646,-0.6571411490440369,0.2732364535331726,0.5976468324661255,0.7537639737129211,0.908348798751831,-0.41820698976516724,0.002316452329978347
128,0.47016605734825134,-0.8638363480567932,0.18091607093811035,-0.15074919164180756,-0.2805752456188202,-0.9479199647903442,0.8696082830429077,0.41840681433677673,-0.26213958859443665
129,-0.7683804631233215,-0.5733426809310913,0.2843759059906006,0.4105536639690399,-0.7824463844299316,-0.46821296215057373,0.4909553825855255,-0.2430141121149063,0.8366044163703918
130,-0.5932371616363525,0.7257733941078186,-0.34831395745277405,0.6020451188087463,0.11274393647909164,-0.7904621958732605,-0.5344261527061462,-0.6786322593688965,-0.503832221031189
131,0.089932382106781,-0.20096628367900848,0.9754613041877747,0.06695271283388138,0.9784343838691711,0.19540610909461975,-0.9936949014663696,0.04773643985390663,0.1014481708407402
132,0.19751867651939392,0.4783549904823303,-0.8556651473045349,0.45004183053970337,0.7311946749687195,0.5126565098762512,0.8708896040916443,-0.4863443374633789,-0.07085514813661575
133,-0.8483400344848633,-0.4889616072177887,-0.20306578278541565,-0.4911099374294281,0.5834280252456665,0.6468560695648193,-0.19781352579593658,0.648481547832489,-0.7350792288780212
134,-0.3101254403591156,-0.9425391554832458,0.12426641583442688,-0.07573681324720383,-0.1058015450835228,-0.9914988279342651,0.9476740956306458,-0.3169005513191223,-0.038573164492845535
135,0.456687331199646,0.587468147277832,0.6680702567100525,-0.5984845757484436,0.7584988474845886,-0.2578674554824829,-0.6582194566726685,-0.2820649743080139,0.69798743724823
136,-0.1070697233080864,-0.9190974831581116,-0.37920433282852173,0.8207364082336426,0.13356812298297882,-0.5554739832878113,0.5611843466758728,-0.37070125341415405,0.7400356531143188
137,-0.717151403427124,0.3267020285129547,-0.6155969500541687,0.45688357949256897,0.887411892414093,-0.0612989142537117,0.526261568069458,-0.32521674036979675,-0.7856734991073608
138,0.24525600671768188,0.9681658148765564,0.05004412680864334,0.31859374046325684,-0.12924480438232422,0.9390387535095215,0.9156131744384766,-0.21436114609241486,-0.3401496410369873
139,-0.10946334153413773,-0.21042390167713165,-0.971462607383728,0.25079745054244995,0.9398674964904785,-0.23183982074260712,0.961830735206604,-0.2690183222293854,-0.050107259303331375
140,-0.33731380105018616,-0.6216142773628235,-0.7069759964942932,0.7708912491798401,0.24864470958709717,-0.5864320397377014,0.5403203964233398,-0.742813229560852,0.3953257203102112
141,-0.5490169525146484,0.18262836337089539,0.815614640712738,0.7231242060661316,0.5931388735771179,0.35394588112831116,-0.41913220286369324,0.7841129899024963,-0.4577063024044037
142,0.40822020173072815,0.5740686058998108,-0.7097898125648499,0.9111188650131226,-0.30453479290008545,0.2777065336704254,-0.056733082979917526,-0.7600682973861694,-0.6473619937896729
143,-0.007010664790868759,-0.9824268817901611,-0.18651600182056427,-0.02672687917947769,-0.1862698644399643,0.9821350574493408,-0.9996181726455688,0.011870409362018108,-0.024951329454779625
144,-0.310134619474411,-0.8594194054603577,-0.4064662754535675,0.4166821837425232,-0.5071730613708496,0.7544212341308594,-0.8545129895210266,0.06460489332675934,0.5153966546058655
145,0.425251305103302,-0.5739307999610901,0.6998319625854492,0.24276918172836304,0.8172271251678467,0.5226882100105286,-0.8719084858894348,-0.052376214414834976,0.48685961961746216
146,0.7658628225326538,0.3175850510597229,-0.5591009855270386,0.32196953892707825,0.5632477402687073,0.7609780430793762,0.5565876364707947,-0.7628182768821716,0.3291178047657013
147,-0.28167951107025146,0.9478738307952881,-0.14896924793720245,-0.1446388065814972,-0.19542790949344635,-0.9699935913085938,-0.9485442638397217,-0.2516805827617645,0.1921473741531372
148,0.3855787515640259,-0.7556584477424622,0.5294424295425415,0.3658616840839386,-0.40155866742134094,-0.839580774307251,0.8470385074615479,0.5174272060394287,0.12163398414850235
149,-0.3496587574481964,0.8448708653450012,0.4048851430416107,-0.8924276232719421,-0.1688246726989746,-0.4184151291847229,-0.2851521670818329,-0.5076332092285156,0.8130170702934265
150,-0.0049584051594138145,0.9692819714546204,0.24590224027633667,-0.6661263108253479,0.18020237982273102,-0.7237422466278076,-0.7458224892616272,-0.16739057004451752,0.6447706818580627
151,-0.06603372097015381,-0.7339059114456177,0.6760337948799133,-0.33515748381614685,-0.6218360066413879,-0.7078060507774353,0.9398452043533325,-0.2733168601989746,-0.20491190254688263
152,-0.6420677900314331,-0.5914472341537476,-0.4877901077270508,-0.41546863317489624,-0.26629385352134705,0.8697547912597656,-0.6443095803260803,0.7611029744148254,-0.07474905997514725
153,-0.06724252551794052,0.00724981352686882,0.9977103471755981,-0.2619464695453644,-0.9650237560272217,-0.010642065666615963,0.962736964225769,-0.26206228137016296,0.06678969413042068
154,-0.7920792102813721,-0.1820732206106186,0.5826318264007568,0.15225255489349365,0.8653845191001892,0.4774188995361328,-0.5911257266998291,0.4668607711791992,-0.6577320098876953
155,0.7090781331062317,0.6246025562286377,-0.3272305428981781,0.3733891546726227,-0.7262661457061768,-0.5771637558937073,-0.5981544256210327,0.2870698571205139,-0.7481992840766907
156,-0.3487338423728943,0.5043998956680298,0.7899148464202881,0.8734438419342041,-0.1306857466697693,0.4690597951412201,0.3398243188858032,0.853523313999176,-0.3949904143810272
157,-0.7138559818267822,0.20365633070468903,0.6700251698493958,-0.3620997965335846,0.7116047143936157,-0.6020817756652832,-0.5994108319282532,-0.6724156737327576,-0.43423938751220703
158,0.24662354588508606,-0.49488574266433716,-0.8332256078720093,0.3702729642391205,0.8426713347434998,-0.3909001648426056,0.8955862522125244,-0.21211571991443634,0.391065388917923
159,-0.7971023917198181,0.4260108768939972,-0.4279515743255615,-0.191894993185997,-0.8506832718849182,-0.48940199613571167,-0.5725418329238892,-0.3079816997051239,0.7598310112953186
160,-0.20237749814987183,0.42977431416511536,0.8799644112586975,-0.04183434695005417,-0.9015315175056458,0.43068644404411316,0.9784136414527893,0.05034851282835007,0.2004290223121643
161,-0.025498295202851295,-0.36276698112487793,-0.9315309524536133,0.24767564237117767,-0.9050740599632263,0.34568434953689575,-0.9685074090957642,-0.22190317511558533,0.11292639374732971
162,-0.2442171424627304,0.4679360091686249,-0.8493490815162659,-0.02829667180776596,-0.8789357542991638,-0.47610005736351013,-0.9693076014518738,-0.09223804622888565,0.227892205119133
163,-0.3997443914413452,0.5237236022949219,0.7522752285003662,0.6083696484565735,-0.46229004859924316,0.6451156735420227,0.6856316924095154,0.7155427932739258,-0.13381966948509216
164,-0.031926482915878296,-0.5909416079521179,0.8060823082923889,0.10774894803762436,0.7997583746910095,0.5905731916427612,-0.9936653971672058,0.10570944845676422,0.03813986852765083
165,-0.024246351793408394,-0.26454371213912964,0.9640688300132751,0.9818903207778931,-0.18754933774471283,-0.0267696063965559,0.18789221346378326,0.9459608197212219,0.26430031657218933
166,0.26191502809524536,-0.8232794404029846,-0.5035985708236694,-0.7164052128791809,-0.5154957175254822,0.4701358377933502,-0.6466560959815979,0.2376449853181839,-0.7248177528381348
167,0.19096751511096954,-0.16650390625,0.9673716425895691,0.11739764362573624,0.9823090434074402,0.14589963853359222,-0.9745507836341858,0.08570505678653717,0.20713628828525543
168,-0.6083391308784485,0.5075783133506775,-0.6101539134979248,0.440399169921875,-0.4236818850040436,-0.7915441989898682,-0.6602818369865417,-0.7502385973930359,0.034205202013254166
169,0.28657156229019165,-0.949107825756073,0.1306564062833786,0.9270274043083191,0.24027076363563538,-0.2879065275192261,0.24186141788959503,0.20362789928913116,0.9487037062644958
170,-0.9426613450050354,0.07823582738637924,0.32445138692855835,-0.2890204191207886,-0.6775076985359192,-0.6763508915901184,0.16690343618392944,-0.7313429713249207,0.6612720489501953
171,-0.6340985894203186,-0.7187215089797974,0.2852337956428528,-0.6977486610412598,0.6908138990402222,0.18953360617160797,-0.33326536417007446,-0.07883850485086441,-0.9395310878753662
172,-0.542260468006134,-0.7300731539726257,0.41586869955062866,-0.046833351254463196,-0.46792471408843994,-0.8825265169143677,0.8389042019844055,-0.4980357587337494,0.21954528987407684
173,0.9300219416618347,-0.3580913841724396,-0.0826420783996582,-0.06473392248153687,-0.3809807300567627,0.9223140478134155,-0.361757755279541,-0.8524225950241089,-0.37750110030174255
174,0.9295526742935181,-0.08469008654356003,0.35883063077926636,0.36196091771125793,0.02453841269016266,-0.9318702220916748,0.07011503726243973,0.9961051344871521,0.053464245051145554
175,0.35864996910095215,0.46314242482185364,0.8104747533798218,0.7116929888725281,0.42615869641304016,-0.5584638714790344,-0.604039192199707,0.7771022319793701,-0.17677341401576996
176,-0.39800316095352173,-0.8173646330833435,0.4165436029434204,0.5264615416526794,-0.5753476619720459,-0.6259499192237854,0.7512866854667664,-0.029835863038897514,0.659301221370697
177,0.20339764654636383,-0.3240964412689209,0.9238998293876648,-0.8359484672546387,0.4337741732597351,0.33619946241378784,-0.5097249150276184,-0.8407148718833923,-0.1826992779970169
178,0.21006037294864655,0.8421661257743835,-0.49661946296691895,0.9671014547348022,-0.1044340506196022,0.23196610808372498,0.1434900164604187,-0.5290082693099976,-0.8363975286483765
179,5.4012642067391425e-05,-0.45893627405166626,0.8884692192077637,-0.0007030073320493102,0.8884689807891846,0.4589361846446991,-0.9999997615814209,-0.0006493887049145997,-0.00027464699815027416
180,0.2885623574256897,0.6789963841438293,-0.6750523447990417,0.8996187448501587,-0.4336175322532654,-0.051593996584415436,-0.3277466893196106,-0.5924016833305359,-0.7359635829925537
181,-0.3626336455345154,-0.37513235211372375,-0.8530958890914917,0.8037990927696228,0.3373325765132904,-0.49001404643058777,0.47159716486930847,-0.8634132742881775,0.1792028844356537
182,0.050178077071905136,-0.42716312408447266,-0.9027811884880066,0.28412747383117676,-0.8604646921157837,0.42293277382850647,-0.957472562789917,-0.2777268886566162,0.0781923234462738
183,-0.634890079498291,-0.13613636791706085,-0.760513961315155,0.24008002877235413,-0.9703853130340576,-0.0267183780670166,-0.7343542575836182,-0.1995474398136139,0.6487716436386108
184,0.08061175048351288,0.8316235542297363,-0.5494579672813416,-0.007690581027418375,-0.5507165789604187,-0.834656834602356,-0.9967159032821655,0.07150880247354507,-0.037998560816049576
185,0.2868835926055908,-0.6795819997787476,-0.675178587436676,-0.9331498146057129,-0.03886121138930321,-0.3573809862136841,0.2166314274072647,0.7325695157051086,-0.6453004479408264
186,0.01194117870181799,-0.9494979381561279,-0.3135458827018738,0.8945451378822327,-0.12997405230998993,0.4276631474494934,-0.44681811332702637,-0.28558775782585144,0.8478167057037354
187,-0.4420064091682434,0.11535000056028366,0.8895643353462219,-0.5091677308082581,-0.8487141728401184,-0.1429421305656433,0.7384974956512451,-0.5161188244819641,0.4338696002960205
188,-0.14244525134563446,0.469074010848999,0.8715956211090088,0.6730751395225525,0.6915451884269714,-0.2621738016605377,-0.7257266640663147,0.5493038892745972,-0.4142293632030487
189,-0.14855869114398956,-0.8495734333992004,-0.5061178207397461,0.277308851480484,0.45547279715538025,-0.8459576368331909,0.9492260813713074,-0.2660253047943115,0.16792979836463928
190,0.48726287484169006,-0.033423036336898804,0.8726155161857605,-0.5019512176513672,0.8069712519645691,0.31119504570961,-0.7145767211914062,-0.589644193649292,0.3764303922653198
191,0.8028615117073059,-0.2611735463142395,-0.5359120965003967,-0.07428651303052902,-0.9357529282569885,0.3447433412075043,-0.5915191769599915,-0.23697012662887573,-0.7706816792488098
192,-0.10375858843326569,-0.9946025013923645,-3.3239659842365654e-06,-0.0767262652516365,0.008007544092833996,-0.9970200657844543,0.9916386604309082,-0.10344913601875305,-0.07714299112558365
193,-0.46829238533973694,0.12243053317070007,0.8750503063201904,-0.8638796806335449,-0.2713712751865387,-0.42434605956077576,0.18551059067249298,-0.954656183719635,0.23284634947776794
194,-0.5691542029380798,-0.790515661239624,0.22616030275821686,-0.43100208044052124,0.5210745930671692,0.7366942763328552,-0.7002147436141968,0.3218170702457428,-0.6372857093811035
195,-0.4848109483718872,-0.40961360931396484,0.7727710008621216,0.8452353477478027,0.007671684958040714,0.5343391299247742,-0.22480103373527527,0.9122268557548523,0.34250059723854065
196,-0.07709438353776932,0.9685487747192383,-0.23657912015914917,-0.7551256418228149,0.09821917861700058,0.6481807231903076,0.6510312557220459,0.2286180555820465,0.7238039374351501
197,-0.36706921458244324,0.5956209301948547,-0.7144899368286133,0.2140815407037735,-0.6933953762054443,-0.6880202889442444,-0.9052233099937439,-0.40551018714904785,0.12701265513896942
198,0.7374183535575867,0.5920552015304565,0.3250919580459595,0.6432430148124695,-0.4687557518482208,-0.6053977608680725,-0.20604020357131958,0.6555445790290833,-0.7265045046806335
199,0.10301566869020462,-0.9938421845436096,-0.04081064462661743,0.6772499084472656,0.040031783282756805,0.734663188457489,-0.728505551815033,-0.10332082957029343,0.6772034168243408
200,-0.6370369791984558,0.3786267638206482,-0.671435534954071,0.4296189248561859,-0.5488216876983643,-0.7170929908752441,-0.6400089859962463,-0.745276153087616,0.18695446848869324
201,0.2647194266319275,0.8769024014472961,0.4012054204940796,0.961573600769043,-0.2714426815509796,-0.041172053664922714,0.0728003978729248,0.3966875672340393,-0.9150623083114624
202,0.8267627954483032,0.419286847114563,0.37504902482032776,0.09337589144706726,-0.7597284913063049,0.6435010433197021,0.5547469258308411,-0.49700218439102173,-0.6672665476799011
203,0.08682656288146973,-0.5722527503967285,-0.8154679536819458,0.046785056591033936,0.8199983835220337,-0.5704505443572998,0.9951242804527283,0.011378545314073563,0.09797051548957825
204,-0.9252956509590149,0.21430183947086334,0.31289398670196533,-0.2354956716299057,0.32203128933906555,-0.9169719815254211,-0.29727044701576233,-0.9221553802490234,-0.2475070059299469
205,0.0952518954873085,-0.8077481389045715,0.5817817449569702,-0.06307580322027206,0.5783671736717224,0.8133344054222107,-0.9934528470039368,-0.11416799575090408,0.004141211975365877
206,-0.1474127322435379,-0.07068179547786713,-0.9865462779998779,0.23253509402275085,-0.9719619750976562,0.0348907895386219,-0.9613516330718994,-0.2242632806301117,0.15971557796001434
207,-0.009944639168679714,-0.12863336503505707,-0.9916423559188843,-0.5165177583694458,0.8498075008392334,-0.10505503416061401,0.856218695640564,0.5111562013626099,-0.07489245384931564
208,0.45647069811820984,0.0772983729839325,-0.8863743543624878,0.41393449902534485,-0.9002918004989624,0.13465853035449982,-0.7875866889953613,-0.42836856842041016,-0.44295328855514526
209,-0.675753653049469,-0.7228066921234131,0.14459426701068878,0.735932469367981,-0.6503857374191284,0.18815353512763977,-0.0419565811753273,0.2335570603609085,0.9714374542236328
210,-0.8334060907363892,-0.028327953070402145,-0.5519346594810486,-0.13167932629585266,-0.9597455263137817,0.24809090793132782,-0.5367447137832642,0.279438853263855,0.7961274981498718
211,0.6109575033187866,0.10627035051584244,-0.7844982743263245,-0.6279494762420654,0.668499231338501,-0.39848244190216064,0.4820896089076996,0.7360811233520508,0.4751569926738739
212,-0.892341136932373,-0.11248546093702316,-0.4371204972267151,-0.44829246401786804,0.33361685276031494,0.8292970657348633,0.0525469109416008,0.9359737038612366,-0.34812644124031067
213,0.19100993871688843,-0.9815815091133118,-0.003589675994589925,0.003704821690917015,-0.002936055650934577,0.999988853931427,-0.9815810918807983,-0.19102109968662262,0.003075768705457449
214,-0.6431920528411865,-0.6497265696525574,-0.40516582131385803,0.6227391362190247,-0.13598264753818512,-0.7705223560333252,0.44553330540657043,-0.7479064464569092,0.4920731484889984
215,-0.07077332586050034,0.9429508447647095,0.32532262802124023,0.811603844165802,-0.13517040014266968,0.5683556795120239,0.5799054503440857,0.30425751209259033,-0.7557361125946045
216,-0.8843784332275391,-0.22181369364261627,0.410698801279068,0.21188513934612274,-0.9747701287269592,-0.07019916921854019,0.4159080684185028,0.024938344955444336,0.9090646505355835
217,0.2864229083061218,0.9344817996025085,0.2114371359348297,-0.9543893933296204,0.25886639952659607,0.14875832200050354,0.08427798002958298,-0.24440115690231323,0.9660047888755798
218,-0.13792432844638824,-0.8723303079605103,0.46905943751335144,-0.16753393411636353,-0.4462135136127472,-0.8791051506996155,0.9761707186698914,-0.19983336329460144,-0.08460122346878052
219,-0.9703589677810669,0.20537540316581726,0.12737521529197693,0.21272948384284973,0.975982129573822,0.0469575859606266,-0.11467200517654419,0.07266218215227127,-0.9907424449920654
