0
1.0 0.0 0.0
0.0 -4.371138828673793e-08 -1.0
0.0 1.0 -4.371138828673793e-08
1
0.5501017570495605 0.7190833687782288 -0.42462587356567383
0.30132293701171875 -0.6451355814933777 -0.7021428346633911
-0.7788404822349548 0.2583004832267761 -0.5715665817260742
2
0.7170129418373108 0.5138062238693237 0.4710579216480255
0.531207263469696 0.03480046987533569 -0.8465268611907959
-0.4513438045978546 0.8572001457214355 -0.24798521399497986
3
0.7934280037879944 -0.10290918499231339 0.5999014377593994
-0.2572013735771179 0.8365970849990845 0.4836865961551666
-0.5516515970230103 -0.5380659699440002 0.6373111605644226
4
0.07666969299316406 -0.12961997091770172 -0.988595187664032
-0.1347818374633789 -0.9837599992752075 0.11853311210870743
-0.9879046678543091 0.12415678054094315 -0.09289500117301941
5
0.2743086814880371 0.8515227437019348 -0.44683751463890076
0.5615777373313904 -0.5190443396568298 -0.6443783044815063
-0.7806313037872314 -0.07417541742324829 -0.6205745935440063
6
-0.11635527014732361 0.945417582988739 0.3043798506259918
0.10942350327968597 0.3167981505393982 -0.9421600103378296
-0.9871615767478943 -0.07631897181272507 -0.14031203091144562
7
-0.11661136895418167 -0.26908522844314575 -0.9560308456420898
-0.4615194797515869 -0.8376737236976624 0.29206591844558716
-0.8794324994087219 0.47528505325317383 -0.026505785062909126
8
-0.031004397198557854 0.8471298813819885 -0.5304806232452393
0.8249852061271667 -0.27795112133026123 -0.49207988381385803
-0.5643032789230347 -0.45289531350135803 -0.690251886844635
9
0.13869544863700867 0.11820564419031143 -0.9832553267478943
-0.9786456227302551 -0.1357375979423523 -0.15436340868473053
-0.1517113298177719 0.9836679697036743 0.09685525298118591
10
-0.05310593917965889 -0.7095266580581665 0.7026746869087219
-0.21355491876602173 0.6954578161239624 0.686099648475647
-0.9754865765571594 -0.11362367123365402 -0.18845584988594055
11
-0.8798925280570984 -0.20217129588127136 -0.4300185441970825
0.1268032342195511 -0.9720576405525208 0.19754713773727417
-0.4579411745071411 0.11929250508546829 0.8809422254562378
12
0.6911922693252563 -0.4262019991874695 0.5836138725280762
0.18856243789196014 -0.673241376876831 -0.7149757146835327
0.6976370811462402 0.6042333245277405 -0.38497355580329895
13
-0.41637083888053894 -0.8924446105957031 0.17371785640716553
-0.8608874082565308 0.3255331218242645 -0.3910256326198578
0.29241782426834106 -0.3123631775379181 -0.9038368463516235
14
0.43959152698516846 0.8981092572212219 0.012611444108188152
0.45328110456466675 -0.20969898998737335 -0.8663501739501953
-0.7754324674606323 0.3865567147731781 -0.49927785992622375
15
-0.2491886466741562 -0.40760233998298645 0.8785017728805542
-0.11749295145273209 -0.8876925110816956 -0.44519367814064026
0.9613014459609985 -0.21415497362613678 0.1733124852180481
16
0.5024964809417725 -0.7193964123725891 0.47954776883125305
0.7456948161125183 0.6413174867630005 0.18069618940353394
-0.43753454089164734 0.26679709553718567 0.858709990978241
17
-0.16999757289886475 -0.6278216242790222 0.7595661878585815
-0.01711687259376049 -0.7687879204750061 -0.6392747163772583
0.985295832157135 -0.12167654931545258 0.11994573473930359
18
0.25654515624046326 0.7493695020675659 0.6104342341423035
0.8748653531074524 0.08842441439628601 -0.4762265980243683
-0.4108469784259796 0.6562213897705078 -0.6329125165939331
19
-0.8239163756370544 -0.09880300611257553 0.5580320358276367
0.07488725334405899 -0.9950314164161682 -0.06560780853033066
0.5617416501045227 -0.012265857309103012 0.8272217512130737
20
0.6154915690422058 -0.629520058631897 -0.47420942783355713
0.740828275680542 0.6674363613128662 0.07551296800374985
0.2689676880836487 -0.39778533577919006 0.8771677017211914
21
-0.375279039144516 -0.1621733456850052 -0.912614643573761
0.01586330309510231 0.9833074808120728 -0.18125879764556885
0.926776111125946 -0.08249970525503159 -0.36644208431243896
22
-0.015515225939452648 -0.9911406636238098 -0.13190722465515137
0.022471552714705467 -0.13223542273044586 0.9909635782241821
-0.9996271133422852 0.012410863302648067 0.02432413026690483
23
0.962091863155365 0.1234729215502739 0.24317415058612823
-0.25928735733032227 0.13767418265342712 0.9559372067451477
0.0845535546541214 -0.9827513694763184 0.16447018086910248
24
-0.40102291107177734 0.6495152711868286 -0.6459957957267761
0.05321169272065163 0.7205086946487427 0.6914012432098389
0.9145212769508362 0.24289320409297943 -0.3235023021697998
25
0.3546219766139984 -0.5529507994651794 -0.75398188829422
-0.5681172013282776 -0.7678916454315186 0.2959480583667755
-0.742621123790741 0.3234003782272339 -0.586452066898346
26
0.5465990304946899 0.7691890597343445 0.33102524280548096
0.7697477340698242 -0.617170512676239 0.16306135058403015
0.3297240138053894 0.1656767725944519 -0.9294263124465942
27
0.4395727813243866 -0.24479852616786957 -0.8642045259475708
-0.8772390484809875 -0.32368358969688416 -0.35451462864875793
-0.19294415414333344 0.9139488935470581 -0.3570293188095093
28
0.3044497072696686 -0.7258890867233276 -0.6167620420455933
0.27208951115608215 0.6867949962615967 -0.6740029454231262
0.9128404259681702 0.03738551586866379 0.40660133957862854
29
0.017257757484912872 0.6123652458190918 -0.7903865575790405
0.0343414768576622 -0.7904009222984314 -0.6116265654563904
-0.9992611408233643 -0.016587739810347557 -0.03467007726430893
30
0.054664548486471176 0.8603157997131348 0.5068219900131226
0.21357682347297668 0.48575928807258606 -0.8475983142852783
-0.975395679473877 0.1545790135860443 -0.15718969702720642
31
-0.11100203543901443 0.7189319729804993 0.6861598491668701
-0.7954497933387756 -0.47816216945648193 0.3723178207874298
0.5957669019699097 -0.5044776797294617 0.6249512434005737
32
-0.5755602121353149 0.5422983765602112 -0.6120808124542236
-0.006128442473709583 -0.7513245940208435 -0.659904420375824
-0.8177364468574524 -0.37606361508369446 0.43575599789619446
33
-0.9177216291427612 -0.2490123212337494 0.3094831705093384
-0.3536001145839691 0.15714669227600098 -0.9221018552780151
0.18098047375679016 -0.9556661248207092 -0.23226770758628845
34
-0.31000590324401855 0.6581259369850159 0.686124324798584
0.4188101291656494 0.7424157857894897 -0.5228927731513977
-0.8535188436508179 0.12525597214698792 -0.5057830810546875
35
-0.2980300784111023 -0.7105754017829895 0.6373858451843262
0.9156095385551453 -0.024014174938201904 0.40135079622268677
-0.2698836922645569 0.7032111883163452 0.657766580581665
36
0.18111346662044525 0.9333072304725647 -0.31005728244781494
-0.8678798675537109 0.003385665360838175 -0.49676260352134705
-0.46258237957954407 0.35906288027763367 0.8106117248535156
37
-0.6074764132499695 0.6160128116607666 -0.5014984011650085
0.029031185433268547 0.6481373906135559 0.7609698176383972
0.7938070297241211 0.44771212339401245 -0.41161176562309265
38
0.8332266807556152 0.4169480800628662 -0.3631633222103119
-0.476187139749527 0.874925434589386 -0.0880412608385086
0.2810322046279907 0.24629203975200653 0.9275565147399902
39
-0.3795137405395508 0.9240525960922241 -0.04578287526965141
-0.16372495889663696 -0.018374091014266014 0.9863349199295044
0.9105841517448425 0.38182345032691956 0.158263698220253
40
-0.945502758026123 -0.3188699185848236 -0.06592781841754913
0.3183416724205017 -0.8626869916915894 -0.3929755389690399
0.06843301653862 -0.39254704117774963 0.9171825051307678
41
-0.3809598982334137 -0.7740351557731628 -0.5057065486907959
-0.7271481156349182 0.5886447429656982 -0.35320383310317993
0.5710737109184265 0.23316708207130432 -0.7870882749557495
42
0.030484750866889954 0.6566051244735718 0.7536181807518005
-0.9925142526626587 -0.06932292878627777 0.10054738819599152
0.11826295405626297 -0.7510419487953186 0.6495766639709473
43
0.3051767647266388 -0.6682210564613342 -0.6784893274307251
0.7053033113479614 0.6373195052146912 -0.3104369044303894
0.6398549675941467 -0.3838026523590088 0.6657935976982117
44
-0.5735265016555786 0.8029803037643433 -0.1621418446302414
0.7649752497673035 0.5957831740379333 0.2446533441543579
0.29305320978164673 0.016280679032206535 -0.9559575319290161
45
-0.5630616545677185 0.6650537252426147 -0.4905763268470764
0.0676458477973938 0.6287178993225098 0.7746856212615967
0.8236416578292847 0.4030103087425232 -0.3989950716495514
46
-0.2854911983013153 -0.5422050356864929 0.7902584671974182
0.642605721950531 0.5034534335136414 0.5775746703147888
-0.7110222578048706 0.6727170944213867 0.2046925127506256
47
0.09863791614770889 -0.9641962647438049 0.24616286158561707
-0.014406399801373482 0.24595966935157776 0.969173014163971
-0.9950190782546997 -0.09914352744817734 0.010370352305471897
48
0.3094721734523773 0.6121299266815186 0.727683961391449
0.41649407148361206 -0.7751995325088501 0.4749720096588135
0.8548448085784912 0.15608543157577515 -0.49485117197036743
49
0.008741741999983788 0.9171016812324524 0.39855754375457764
-0.07027021795511246 0.39815080165863037 -0.9146245121955872
-0.9974896907806396 -0.020011313259601593 0.06792546808719635
50
-0.4546103775501251 0.0723007395863533 -0.8877511024475098
-0.2645658254623413 -0.9626769423484802 0.057079195976257324
-0.8504906296730042 0.26081740856170654 0.45677122473716736
51
0.27211326360702515 -0.08688767999410629 0.9583344459533691
-0.10711231082677841 -0.9924609065055847 -0.05956787243485451
0.9562851786613464 -0.08644020557403564 -0.27936851978302
52
-0.5492623448371887 -0.11161892116069794 0.828161895275116
0.7964423894882202 -0.36992529034614563 0.47836679220199585
0.25296324491500854 0.9223321080207825 0.29208406805992126
53
0.27339503169059753 0.954551100730896 0.11869034171104431
-0.14457684755325317 0.162767693400383 -0.9760144352912903
-0.9509745836257935 0.2496776282787323 0.18250586092472076
54
0.02054978907108307 0.010796880349516869 -0.9997305274009705
0.9617615342140198 -0.2733713984489441 0.016816969960927963
-0.27311617136001587 -0.9618479609489441 -0.0160017479211092
55
0.01261916570365429 -0.5119773149490356 -0.8589062690734863
-0.5915910601615906 0.6886857748031616 -0.41920390725135803
0.8061394095420837 0.513411283493042 -0.29419055581092834
56
-0.09593167155981064 -0.9560620188713074 0.2770244777202606
-0.4515109360218048 0.289824903011322 0.8438835144042969
-0.8870935440063477 -0.04412442073225975 -0.4594758450984955
57
0.4419231712818146 0.6330208778381348 0.6356008648872375
0.7669442892074585 -0.6341370940208435 0.09831894189119339
0.46529603004455566 0.4440210163593292 -0.7657316327095032
58
-0.05418909713625908 -0.5842190384864807 -0.8097849488258362
-0.9979111552238464 0.003122454509139061 0.06452541053295135
-0.03516845777630806 0.8115900158882141 -0.5831679105758667
59
-0.020731642842292786 0.9632623195648193 -0.2677608132362366
0.00945462379604578 -0.26761752367019653 -0.9634788632392883
-0.9997403621673584 -0.022506076842546463 -0.0035591318737715483
60
-0.44559457898139954 -0.6751871109008789 0.5878501534461975
0.13013231754302979 0.600817859172821 0.7887226939201355
-0.885726273059845 0.42794886231422424 -0.1798575222492218
61
-0.5874821543693542 -0.6338956356048584 -0.503031849861145
0.6673449873924255 -0.027897128835320473 -0.7442260980606079
0.4577285349369049 -0.7729153037071228 0.4394161105155945
62
-0.6109434962272644 0.09218114614486694 0.7862891554832458
-0.5612189769744873 -0.7509392499923706 -0.3480280041694641
0.5583738088607788 -0.6539058685302734 0.5105152726173401
63
0.16598662734031677 0.51557856798172 -0.8406112194061279
-0.3647853434085846 -0.7598659992218018 -0.5380848050117493
-0.9161768555641174 0.3959575295448303 0.061947911977767944
64
0.053481411188840866 0.8023920655250549 -0.5943960547447205
-0.13541047275066376 0.5955772399902344 0.7918028235435486
0.989345133304596 0.03814071789383888 0.1405045986175537
65
-0.6097026467323303 0.027231790125370026 0.792162299156189
0.1677141636610031 -0.9723488688468933 0.16251033544540405
0.7746835947036743 0.23193980753421783 0.5882765054702759
66
-0.04151815548539162 -0.9657761454582214 0.2560325562953949
-0.23991189897060394 0.2583928406238556 0.9357752799987793
-0.9699064493179321 -0.02257359027862549 -0.24242918193340302
67
0.5826703310012817 0.7483052611351013 0.3170718550682068
0.5932137966156006 -0.6582745313644409 0.4634350538253784
0.5555112361907959 -0.08193844556808472 -0.8274620175361633
68
-0.11787490546703339 -0.5664352178573608 -0.8156326413154602
-0.2319592535495758 -0.7829307317733765 0.5772472620010376
-0.9655570387840271 0.257236510515213 -0.03910200297832489
69
0.4323997497558594 -0.7797748446464539 -0.45274898409843445
0.7683504223823547 0.5814173817634583 -0.2675657272338867
0.47187715768814087 -0.23217453062534332 0.8505451083183289
70
0.018480507656931877 -0.6380638480186462 0.7697616815567017
-0.41440117359161377 0.6957623958587646 0.5866740345954895
-0.9099066853523254 -0.32983216643333435 -0.2515563666820526
71
-0.19905737042427063 -0.09362635016441345 -0.9755051136016846
-0.01895076036453247 0.9956073760986328 -0.09168870002031326
0.9798045754432678 0.00023525150027126074 -0.19995728135108948
72
-0.3093321621417999 -0.6507591605186462 -0.6934162974357605
-0.49201342463493347 -0.5144730806350708 0.7023106217384338
-0.8137791156768799 0.5584173798561096 -0.16103914380073547
73
0.07512816041707993 -0.9649068713188171 0.25161582231521606
-0.994538426399231 -0.09083819389343262 -0.05139800161123276
0.07245060801506042 -0.24638015031814575 -0.9664614200592041
74
0.10002448409795761 0.14027397334575653 0.9850473403930664
-0.0008771709399297833 -0.9899994730949402 0.1410682499408722
0.9949845671653748 -0.01497433427721262 -0.09890114516019821
75
0.015587576664984226 -0.9976807832717896 -0.06625746935606003
-0.02180854231119156 -0.06658899784088135 0.997542142868042
-0.9996406435966492 -0.014104285277426243 -0.02279592491686344
76
-0.23334957659244537 -0.42368537187576294 -0.8752363324165344
0.013990853913128376 0.8985289931297302 -0.43869107961654663
0.9722922444343567 -0.11461368203163147 -0.20374365150928497
77
-0.2376849353313446 0.9599118828773499 -0.14857657253742218
0.968068540096283 0.24664397537708282 0.04483330249786377
0.07968153804540634 -0.13317610323429108 -0.9878841042518616
78
0.4591323137283325 0.8793172836303711 0.12648554146289825
0.8065323233604431 -0.472280353307724 0.35560768842697144
0.37242862582206726 -0.061256300657987595 -0.9260370135307312
79
0.353287011384964 0.3512835204601288 -0.867057204246521
0.5441543459892273 0.6767434477806091 0.495897501707077
0.7609758973121643 -0.6470071077346802 0.047932226210832596
80
0.010274101048707962 -0.4183357357978821 0.9082343578338623
0.6066736578941345 -0.7194099426269531 -0.338225394487381
0.7948845624923706 0.5544768571853638 0.24640198051929474
81
0.46960723400115967 0.4866071045398712 -0.7366699576377869
0.5133911967277527 -0.8293315768241882 -0.22054167091846466
-0.7182607650756836 -0.27463188767433167 -0.6392799019813538
82
-0.28451430797576904 -0.8436256647109985 0.45535412430763245
-0.48967745900154114 0.5362337231636047 0.6875095367431641
-0.8241769075393677 -0.027370350435376167 -0.5656706690788269
83
0.21603864431381226 -0.8716081380844116 -0.44003021717071533
-0.9199055433273315 -0.030643805861473083 -0.39094078540802
0.3272629678249359 0.4892445504665375 -0.8084174394607544
84
0.8704392313957214 -0.21162192523479462 -0.4444679319858551
-0.49161505699157715 -0.4204549789428711 -0.7625826001167297
-0.025499552488327026 0.882288932800293 -0.4700170159339905
85
-0.1162329688668251 -0.3591015338897705 -0.9260323643684387
-0.15358160436153412 0.9276362061500549 -0.3404463529586792
0.9812759757041931 0.10265044867992401 -0.1629732996225357
86
-0.04079977795481682 0.564504086971283 -0.8244213461875916
-0.9339995384216309 0.27155813574790955 0.23216606676578522
0.35493701696395874 0.7794814109802246 0.5161670446395874
87
0.3113214373588562 0.9351462721824646 0.16905750334262848
0.9118824601173401 -0.3440430462360382 0.22384104132652283
0.26748716831207275 0.08447404950857162 -0.9598514437675476
88
-0.5642593502998352 -0.7436038851737976 -0.3586985468864441
0.5832682251930237 -0.6665372252464294 0.4642481207847595
-0.5843026638031006 0.05273887515068054 0.8098203539848328
89
-0.6201117634773254 0.6444969773292542 -0.44730862975120544
-0.09882170706987381 -0.6298031806945801 -0.7704428434371948
-0.7782645225524902 -0.4335568845272064 0.4542386829853058
90
-0.850811779499054 -0.4683755040168762 0.23820944130420685
-0.10798171907663345 -0.2878103256225586 -0.9515803456306458
0.5142560601234436 -0.8353379964828491 0.19429641962051392
91
-0.2398436814546585 0.9599344730377197 -0.14491650462150574
0.09110528230667114 0.17087063193321228 0.9810724258422852
0.9665272235870361 0.2221013605594635 -0.128437340259552
92
-0.09740898013114929 0.8824271559715271 -0.46025413274765015
0.5058366060256958 0.4421646296977997 0.740688681602478
0.8571118712425232 -0.1606636643409729 -0.48943477869033813
93
0.044846534729003906 -0.27506473660469055 0.9603791832923889
0.7611202597618103 0.6320817470550537 0.14549441635608673
-0.6470585465431213 0.7244390845298767 0.23770402371883392
94
0.5851505994796753 -0.7362706065177917 0.33985936641693115
-0.5402189493179321 -0.04136413335800171 0.8405072689056396
-0.6047828197479248 -0.6754218339920044 -0.4219515919685364
95
-0.41038525104522705 0.29760900139808655 0.8619819283485413
-0.25731605291366577 -0.9446272850036621 0.20363637804985046
0.874855637550354 -0.13823242485523224 0.4642406702041626
96
-0.7260558009147644 0.6261252164840698 -0.28427135944366455
-0.13499470055103302 0.27557238936424255 0.9517543315887451
0.6742547154426575 0.7294018864631653 -0.11555734276771545
97
0.7039920091629028 -0.7101166248321533 0.011384045705199242
-0.5342612266540527 -0.518956184387207 0.6672701239585876
-0.4679318070411682 -0.4758348762989044 -0.7447288036346436
98
0.39293843507766724 -0.3408818244934082 0.8540485501289368
0.11774256825447083 -0.9024574756622314 -0.4143756628036499
0.9119956493377686 0.2633819878101349 -0.3144739270210266
99
-0.14056746661663055 0.8773846626281738 -0.45873400568962097
0.8855234384536743 0.3186456859111786 0.3381023705005646
0.4428194463253021 -0.35869351029396057 -0.8217359185218811
